"","tau","beta","kappa","psi","mean_E1"
"1",0.158930004231853,0.0453112002586455,0.0342042339577144,0.224053218324274,10.4114895026229
"2",0.190175067063064,0.0444143385109148,0.0349912032384372,0.110747200136701,1.82193573352
"3",0.0886641133703834,0.0281442987895613,0.0220957596796545,0.993561453534357,2.25645565848902
"4",0.128037759711502,0.0366576348001144,0.0254402797099264,1.31649928559544,4.84589555125794
"5",0.169064563150745,0.0487722898586119,0.036788766502865,0.621096825414641,3.31626119680559
"6",0.281526785286801,0.0017067902648363,0.0388134617067353,0.0101271932571032,8.07420662026368
"7",0.0977589570689259,0.0343238228146207,0.0260764518028193,1.5598962475462,18.4104010590089
"8",0.160605304684824,0.0359618659128529,0.0313616598843478,0.498804363551516,18.2937612028804
"9",0.159638416277607,0.0332057142015512,0.0302269221686097,0.391817855468933,0.709353190276095
"10",0.197891270191027,0.0397928327787807,0.0266398957237355,1.25911489619163,4.50423106965771
"11",0.157668671642622,0.0439107929399783,0.0346555235507621,0.214386771683605,1.99534168350476
"12",0.314547086588434,0.0418813091592273,0.0397713440567471,0.116384516071492,0.206688380676452
"13",0.192662126636564,0.0355252816380478,0.0308268368805525,0.561220960757226,7.50507266677421
"14",0.152958354183808,0.0415430474293534,0.0322216815632443,0.324564748087634,35.9535434799603
"15",0.199103227709218,0.0314112053519274,0.0294329902980862,0.404828155625979,49.5739463094806
"16",0.224177379123897,0.0348911868930065,0.0338007966104166,0.242045524154768,7.0733227032179
"17",0.18691094684212,0.0389263957620343,0.0335863363344404,0.336720331465356,9.02293689952427
"18",0.156228473831931,0.0372325626930529,0.0300402673711981,0.936974023649302,52.2485187604847
"19",0.156762549613682,0.032515745438796,0.0282272538636789,0.377873862982179,0.643334991358629
"20",0.182042849907501,0.0392309043359531,0.0282878483639008,1.18066919696045,20.7762693336491
"21",0.146309371960681,0.0323499635756579,0.0283592082759796,0.398240396624324,10.9025201707018
"22",0.147827938351897,0.0432064235478136,0.0322779532135019,0.864637619933984,6.73881915405454
"23",0.251828141948843,0.0453960321237566,0.0363039061504094,0.181443445425186,5.71954111185578
"24",0.262143088413747,0.041744168661972,0.038876381771292,0.316617259924136,3.95597917699353
"25",0.167142884845784,0.0466841633009415,0.0363355509219987,0.137488883359145,20.6899149381372
"26",0.303016309868871,0.04826477670617,0.0475866099700331,0.0431634975392323,3.27475440923161
"27",0.245673257094101,0.0366593815610446,0.0357471564559042,0.371256458399946,35.9555839714476
"28",0.199424813666778,0.0658517408679393,0.0365731846964671,1.29610957554838,25.7221602907317
"29",0.167321383485992,0.0340361858024031,0.0257746528931636,0.450199424279812,5.20143922963202
"30",0.136560480235972,0.033555908611732,0.0325611789381019,0.389474103270111,2.08818750445222
"31",0.252517882506973,0.0480238676825283,0.0412985929690608,0.181681550938426,12.2697545201663
"32",0.228291088189753,0.0456842504082903,0.0364988015804791,0.248226743263982,28.7002031481613
"33",0.113660446559067,0.037675606870895,0.029422595297212,0.848590670702912,23.7501572762453
"34",0.225158433648,0.0396829410542641,0.0376610351447999,0.194497244521552,1.97082395851213
"35",0.269552920455261,0.0468951601385937,0.0385912242433206,0.315678802411654,15.5804044313892
"36",0.278511187469785,0.0366034135219914,0.0313120095274121,0.210650313759733,10.4350960600176
"37",0.131560330803329,0.0348623497099187,0.0293812475616706,0.549359051397643,10.3630385001934
"38",0.177551755879388,0.0400922562654354,0.0358507138437359,0.141227864648281,3.93009563007737
"39",0.0779461875711781,0.0289957080921615,0.0235071491109408,1.99956668763923,1.22493657244523
"40",0.226957484806362,0.0508019029465676,0.0407252100556465,0.102419161670947,9.82364909442266
"41",0.175119051893868,0.0422604022269647,0.0325116182088808,0.852764501932878,7.30202342432822
"42",0.175985038992252,0.0415609724767267,0.0391576450865395,0.0834586922925888,11.8780909477992
"43",0.127147286790748,0.0396673514724989,0.031603958540503,0.188749467296891,10.2674404561672
"44",0.0559245689063837,0.0308928679481985,0.0222214659088255,2.77395182231691,12.7462240179898
"45",0.177405887725577,0.0385298483265577,0.0310713629956859,0.485205591391503,4.35806625789229
"46",0.161427109959866,0.0413210594049421,0.0300389641404607,1.04970550854579,1.27471520934046
"47",0.258095312688823,0.0430038235786529,0.033883054216958,0.664095384593144,50.9596079438178
"48",0.275368632765327,0.0444678866889724,0.0508078084351053,0.0840817592333883,1.72420795488731
"49",0.223829808321932,0.0334165121197901,0.030487241776056,0.271665143317884,10.5622821600742
"50",0.224627304141919,0.0490795146035689,0.0287393429778841,0.89384523347324,2.95286916838415
"51",0.210474626706602,0.0497419585490587,0.0404069071313995,0.0638371596400019,30.8317535832074
"52",0.35832245495045,0.0567412831139948,0.0564662935887383,0.0552740875244704,4.28433505467382
"53",0.143242141517991,0.0419929625774044,0.0307208833406658,0.419829880699173,7.31085929667013
"54",0.152089373272394,0.0346437050035059,0.0265149694222813,0.702579111642458,30.6841717276387
"55",0.181635717655913,0.0468372056339637,0.0324168171238858,0.219528087490082,0.398493974518495
"56",0.176451584144165,0.0365565418539916,0.0311463606345978,0.305909919755373,14.2774637341287
"57",0.23422941003483,0.0438549482677008,0.0322983565299711,0.387548866614345,16.1482219185087
"58",0.127899734926722,0.0377622774124301,0.0286911586198178,0.543433357998817,23.5979038035245
"59",0.321769190107442,0.0493888916009904,0.0473937691916589,0.0490169205516884,5.5175798914718
"60",0.249031101146901,0.0402275514587334,0.0313828564360899,0.467306536481706,14.9438353878155
"61",0.157142531384405,0.0346235951117234,0.0294898330556208,0.555236709173348,2.63198196186594e-07
"62",0.165569524285166,0.0434745531411866,0.03279366547855,0.92606310908306,20.5696489297529
"63",0.156926810055173,0.0393191750299067,0.0354940480018104,0.352653165640227,1.9437728710074
"64",0.191324024655121,0.0338584332029366,0.0280093428913982,0.263108308223119,17.1006119199801
"65",0.202047198075852,0.041424741821929,0.0329697087918052,0.423546909235145,3.30947677450461e-08
"66",0.299324910282772,0.03776395979124,0.0423161742371686,0.05864010917269,17.9058023697596
"67",0.0828881403846256,0.0340196345109114,0.0261702426220342,1.54569015219041,22.1489924586186
"68",0.196614591034323,0.0341442300988531,0.0309606671278962,0.373815786858497,14.8889434800833
"69",0.208829467498989,0.0416909399696637,0.0306008049246447,0.469052939555555,18.9276439746723
"70",0.109659833466154,0.0344111131931845,0.029165640178676,0.465308130696067,2.28811778353918
"71",0.226036281556064,0.0497138600217553,0.0380391215857717,0.526960887223981,4.86320787147306
"72",0.211111182897198,0.0470100292866538,0.0324226985169171,0.738420925440987,44.8569716552343
"73",0.164479216305381,0.037021015623732,0.0295356175267696,0.436813762684148,11.9285197943266
"74",0.377116580781858,0.0501462699279307,0.0441799751208944,0.125733227412038,5.94689794706932
"75",0.21769582301075,0.0521339793897197,0.0414119979270781,0.456932705912874,13.3192201379758
"76",0.173827120934939,0.041161139117349,0.0332586223261596,0.594126553568709,7.9668776327679
"77",0.134002525990024,0.0346043403045498,0.0310616465605268,0.537242614173357,27.9670312198557
"78",0.460406292633946,0.0438641280506187,0.0517895797900849,0.085580333412799,13.0390748977088
"79",0.326249591356112,0.0612948755535627,0.050399228214533,0.157973772588136,18.1465890549995
"80",0.21028096942643,0.0322358299085977,0.0283880381593347,0.633501880363416,2.08392620149287
"81",0.182972581999279,0.0433062041233772,0.0400430709233407,0.266075677344674,1.98598224583222
"82",0.187638762205352,0.0409315873825285,0.0293235452916991,0.423931849654768,0.73327004379507
"83",0.156387244338715,0.047777739794218,0.0285694655653084,0.590601754001409,8.72384775576992
"84",0.181108962953086,0.0393432837704593,0.0340402848443429,0.334236843627832,21.0566292009309
"85",0.254473122602523,0.0383136518163704,0.031865910550352,0.245294178596297,6.61226643856586
"86",0.175102268109614,0.047981840649543,0.0331235085525488,0.86328535878588,24.265877578615
"87",0.134149859748929,0.0364760754979823,0.0335243350952796,0.394722366011276,15.3890446383007
"88",0.236356333568635,0.0354784161532693,0.0325500808225711,0.397688202054886,4.61128910321226
"89",0.196069353945902,0.046161430004556,0.0394771272996905,0.442217362435871,8.61902847836313
"90",0.324969105728934,0.0483772268658913,0.0438965792304857,0.0726121104155907,16.124745191126
"91",0.255202833793199,0.0424011618595603,0.037355513487273,0.145824416605707,11.7100228957845
"92",0.213103917234722,0.0441363806163367,0.0326881953043561,0.516644691847651,4.69461675577689
"93",0.106004139736172,0.0390642342821658,0.0280757636502216,0.271910141706774,12.9321021545185
"94",0.129371403387362,0.0288947418798732,0.0242747710240177,0.779507724985635,24.8782586421997
"95",0.172560049236195,0.0390939890908983,0.0318121084554764,0.712752087775447,0.873445187256289
"96",0.185374357676581,0.0410582098811493,0.0288109022452947,0.911637693868883,20.1488040956487
"97",0.228016744198709,0.0585456981876861,0.0410520551326799,0.295903409637989,8.49649267301711
"98",0.114805120140993,0.0397653562719708,0.02864171703631,1.36970149952795,11.0153424792052
"99",0.144155950895175,0.0363926253660393,0.027575511755897,1.56393019133392,48.1459748627333
"100",0.137312827252655,0.031375289820261,0.0249060275283172,1.30750107696142,1.79478563413468e-05
"101",0.160211937147155,0.0414919422779962,0.0340145123835448,0.611039367150117,12.1365149138331
"102",0.173131439304007,0.0482481337838408,0.0380592111867302,0.426230097351857,15.625197007433
"103",0.372770416652257,0.0595073742991161,0.0558722238018808,0.0551591443782143,1.58347674451949
"104",0.174957493573113,0.0485538900522598,0.0312981180972832,1.21112501293638,34.0136178451922
"105",0.266195040078342,0.0536349841068994,0.0442590728798236,0.0866782263731024,4.25900431787054
"106",0.229150980750798,0.0506402881826705,0.0333984072008085,0.168805687905315,1.5900488484938
"107",0.193413815720113,0.0400407586949104,0.0372681532891863,0.295961221563031,19.2626488253221
"108",0.0987776306446777,0.0359199466995273,0.0248760879304098,1.30984447681315,15.7444316251449
"109",0.248634399900251,0.0473477072852713,0.0424326723226063,0.110261989854166,28.3131652817613
"110",0.207273330577851,0.0591381683618222,0.0433748535615967,0.286402285425329,21.4614135907734
"111",0.181462605060987,0.0367989026139967,0.0305336193875739,0.494386151130595,3.59294313565367
"112",0.215486351933237,0.0508121897117474,0.0321329289996162,0.329522627145986,42.4885974667699
"113",0.230422972836253,0.0451980333958225,0.0376569187952668,0.109135507033455,16.8886061380886
"114",0.17495284526384,0.0385838712365317,0.0304933213190023,0.32423005403712,27.5946741068973
"115",0.174525110815363,0.0356731815031552,0.0313193572585337,0.175769195151423,12.8421309728714
"116",0.198036603903956,0.0397508575037845,0.0376108164809018,0.0953311734364443,8.05581214249102
"117",0.2177774993144,0.040770255643566,0.032126566009703,0.963992347051152,9.28734383853166
"118",0.219045917632328,0.0446363497243947,0.04577804265111,0.246831544629779,4.09971385218535
"119",0.0974322391623955,0.0459847998527525,0.0257518121763053,0.248060947735936,14.0084611951801
"120",0.188332380787297,0.040629955041979,0.0338326129947972,0.366827171820015,15.2714908477264
"121",0.190767606215921,0.0435904572417538,0.0376423471463169,0.531600479477813,8.74192120768256
"122",0.216736579054549,0.0384758575588539,0.0413498370102874,0.0938787612826588,17.0818716076576
"123",0.17719385701523,0.040563206521362,0.0332860744160857,0.601809865436147,22.1675213430181
"124",0.240099217200578,0.0416572319628427,0.0361045043981958,0.310818229978591,2.35338167476428
"125",0.335283514457655,0.0572084458221368,0.0436621671339688,0.111550555374406,6.65546562064327
"126",0.168146573443651,0.0464887700933623,0.0320735073616603,0.72859182520231,24.0114939754156
"127",0.144330703804031,0.0323557376801766,0.0265709123226257,0.549124621089605,2.75618293773707
"128",0.141932818696462,0.0335825778059725,0.0240320053726147,1.66262602237058,25.5673608399976
"129",0.218563601299617,0.0434000443758465,0.0355559473138467,0.347185076552637,14.2851432394395
"130",0.180022883685563,0.0332869947974286,0.0270075556236651,0.781293604530463,10.8080372331506
"131",0.104175555386895,0.0366792043242102,0.0273845135606952,0.825094057496573,4.93311013361577
"132",0.138229903750611,0.0294848331408697,0.0272211302181758,0.871797331119218,11.8027605431109
"133",0.135964782194688,0.0448542305612958,0.0298068008971126,0.661986627415136,7.99738225549466
"134",0.15662881390125,0.0479952072109983,0.0301501941896584,2.35117727262248,6.55353699656678
"135",0.318000989564136,0.0431057977696844,0.0369569863515696,0.121744827729328,0.18775350009159
"136",0.145563243008347,0.0473450410227324,0.0275437910253334,0.719700283295177,29.0630152348834
"137",0.18346324067512,0.0473889516612617,0.0350828506853073,0.363809078663743,39.2562610908221
"138",0.160474468921885,0.0344880573018047,0.0301944242994451,0.531240587560447,20.5973000066039
"139",0.226073075419175,0.0470643293059272,0.0328649636006583,0.325609155010624,6.86091384050271
"140",0.194900009807784,0.0441161946699992,0.0300123924227977,0.416538331395356,44.6635502310276
"141",0.16648149609614,0.0318141087054587,0.0270566783562537,0.340690463218545,10.7684369087896
"142",0.177997494194661,0.0398601773969087,0.029918703117605,0.524277178696832,41.0052537437025
"143",0.226242911895024,0.0365871174907479,0.0378400526178432,0.0440299484567079,20.6259339985788
"144",0.202463709973077,0.0465153143360239,0.0301390397794411,0.322428506513822,3.19434228546876
"145",0.177361043169615,0.0426253676087038,0.0342163035855779,1.06241061850892,35.5628738607136
"146",0.289342154341126,0.0403367313474981,0.0408804344622502,0.110448789680323,7.59638118911392
"147",0.169659856133702,0.0366017178772814,0.0257057678704821,1.02004753407521,17.9136256791633
"148",0.159453888069125,0.0395742554505395,0.0334976490814581,0.428180706187853,26.9734688375682
"149",0.165165487985599,0.046067807821556,0.0331521989513335,0.97921850577569,20.1612564486643
"150",0.0939584364214753,0.0346249530134095,0.026722139555704,2.71654873866605,9.62421436592094
"151",0.138769723172978,0.0409002384512927,0.029718504066015,0.347567634904789,3.61187338835637
"152",0.186344594411063,0.0409327219534326,0.0346163362462371,0.293001456775204,9.63444881565635
"153",0.127665599491774,0.0386007037507648,0.0285628754063077,1.93943842983608,11.0080606121607
"154",0.162337807856287,0.0313960084416787,0.0249722375904311,0.868167832021503,0.597936495691848
"155",0.138185040190402,0.033915820390847,0.031637969366127,0.0865475318812662,18.8502235095755
"156",0.20480677217281,0.0362581599474421,0.0351402252370634,0.107417548380345,4.40641301893493
"157",0.33157189834585,0.0524179059664663,0.0374980684058247,0.07385537490222,21.2648868155272
"158",0.177971157901474,0.035808111707332,0.0266538298388755,1.00109105052229,10.792848760833
"159",0.151432188530975,0.038058060850668,0.0313818155764161,0.458682087780017,0.885493106779298
"160",0.169531941779527,0.0499460243113618,0.034391499093956,0.524122685359676,4.37660862189912
"161",0.159835468454688,0.0369105241386944,0.0358197032888174,0.128727068765132,6.62759666151185
"162",0.238716772799933,0.0570543844834125,0.0502564988151877,0.158344753859273,14.0201666733652
"163",0.247319026525132,0.0514350295827887,0.0361557696465364,0.427005173523175,4.80155630122146
"164",0.210972343833648,0.0458067332625158,0.0406868465858281,0.222564805466243,18.3027444400796
"165",0.134107497705272,0.0342509274543964,0.026501070585537,0.593857092340759,6.06958526376787
"166",0.185112779782363,0.039863997345975,0.0303337626508505,1.2670096673347,11.180302714922
"167",0.150983813217816,0.0307214881583862,0.0265196974551698,0.395729081933255,4.46772742834795
"168",0.103414464801831,0.0286802391339536,0.0226582814017639,0.980012370746737,28.1980905186782
"169",0.214169164102962,0.0422676861044674,0.0386750733060287,0.0628805888661957,38.8899884073623
"170",0.2098270201014,0.0422227562873776,0.0370839675443853,0.299844089592018,31.1227489807802
"171",0.19938318645651,0.0470007778792887,0.0363108096735986,0.192883594493555,6.87797787012164
"172",0.239195832545571,0.0444482860308949,0.0355451036282762,0.208209969067851,11.3567705115293
"173",0.275558152875426,0.0486726453620434,0.0438499042635913,0.121474031436647,12.2754477286117
"174",0.559224321198381,0.060911795374556,0.0539124038129832,0.0332474735639108,12.4844047125649
"175",0.221822592768613,0.0433659230086634,0.0412084744061965,0.126019359556539,4.05774198800568
"176",0.155785661030477,0.0394446136137388,0.0307743595010485,0.456384378029667,1.48918727260351e-07
"177",0.20216260526479,0.0389423876951596,0.0336192204986617,0.218196703281424,0.501252487905004
"178",0.210368595827992,0.0455612813982017,0.0335349729946258,0.354436717284314,32.3519456294258
"179",0.200320828412634,0.0463133602947863,0.0339257232855146,0.577542889519094,22.95498766532
"180",0.258195402354187,0.0473119181079516,0.0409046005236517,0.160132226242728,7.34747558244451
"181",0.117239835855124,0.037546460309279,0.0339578395887659,0.273689802464848,13.166461066486
"182",0.176644907267867,0.0522518948969694,0.0318419460377364,0.823764656603431,15.5687586406896
"183",0.134652313803682,0.0491179128044415,0.0456360166514856,1.12616459235213,16.171900103871
"184",0.319759769835232,0.047360280783026,0.0431136372549629,0.032384937563462,9.1753044931814
"185",0.218340764592179,0.0457726359242271,0.0336360345878424,0.494395671207124,9.28974492757478
"186",0.171832418653974,0.0399316770512044,0.0352628591219303,0.260135791469807,2.10841960044835
"187",0.219824028493429,0.0403162591063349,0.0326478039413957,0.470226963746084,4.45425310098318
"188",0.186783221643957,0.0365354651188682,0.0351027772659601,0.334716816047389,0.599315110323982
"189",0.0842417241555996,0.0372706265262809,0.0266059492686683,1.31719349970048,11.906697806509
"190",0.106640410158179,0.0457705147360477,0.0304706806951097,0.751848476281586,9.4705694584609
"191",0.142730684383032,0.0413167699252602,0.0337541190529346,0.447918229407172,3.43164148826312
"192",0.239309738074997,0.0471805206084215,0.0356129274028648,0.40559726644051,14.2346894379071
"193",0.362894380768384,0.047656573260064,0.047865001572216,0.0775229303368891,3.3593844178101
"194",0.143455373963784,0.0536793427168408,0.0355394065865737,0.543235836904964,50.6693476341829
"195",0.136078699364403,0.028560317236453,0.0283958604699586,0.3615391698918,6.94382864514878
"196",0.143708748295084,0.048475892015081,0.0339086037178119,0.455735735714782,20.4079423453323
"197",0.202452931568289,0.040468687787678,0.034652829671116,0.233452634264077,6.53085374575493
"198",0.236317626636781,0.0526115338566356,0.0441860993140751,0.121756850351119,14.7792380681175
"199",0.169955166840103,0.0479941001986537,0.03707128850673,0.987757227369162,8.87168862489352
"200",0.157865344843759,0.0481311134119816,0.0374466333411537,0.331442181597143,20.054083220193
"201",0.285138286579331,0.0497042468366952,0.0392886383480989,0.254704913848614,7.14580177012143
"202",0.314188532266441,0.0543235653782731,0.0464068322420114,0.0826110934753856,0.104163339958054
"203",0.191594525972178,0.0346557560613128,0.0339010195820504,0.105135505898813,4.20971189056748
"204",0.12742349724658,0.0329242290498118,0.0276958826574179,0.52941497661655,18.9981298550809
"205",0.171148281729322,0.0320298575424585,0.0248120808074139,1.61778266439214,25.586190367504
"206",0.143198949947975,0.0317638260909043,0.0243428421452402,0.904180961851654,50.6223334465254
"207",0.274514763981735,0.0419016474371499,0.0379978321049055,0.0975474018454918,0.109453351410323
"208",0.26422770595568,0.0507140256443727,0.0423704484552499,0.226229972845419,35.0821906204841
"209",0.205371706804259,0.0355710901163581,0.0343502534950217,0.218323417439604,11.3371987310895
"210",0.122714991932295,0.032385058439478,0.0295435133509111,0.402226383799308,17.6378864921418
"211",0.127347711262355,0.0348406406422977,0.0282998535107707,0.805505212797244,0.641671002649976
"212",0.116738532039391,0.0394593039780458,0.0322380449885219,0.530257077086911,8.81569210974392
"213",0.1960327673276,0.0373512799048862,0.0280274826245494,0.289382871978821,1.84479899035656
"214",0.188297012262313,0.0321189288657086,0.0309929937275033,0.219673070607376,16.5843312827444
"215",0.219176774458232,0.042692781510879,0.0345858261088797,0.496575191760096,11.0457079762722
"216",0.14247608099284,0.0426198630865927,0.0310189893586904,0.66963111536004,41.9441083583878
"217",0.138489249356248,0.0409613818053975,0.0333852733792866,0.643979172692514,16.4785331310211
"218",0.12852635461391,0.0353574813613414,0.0264142950052572,1.31707982224444,5.27351364060474
"219",0.124751989492696,0.0304291553289419,0.0239649678968619,1.30164764264054,52.8784747206792
"220",0.254877710052217,0.0391234437401598,0.0356660717561211,0.138019148101203,3.64101443649005
"221",0.25908508344352,0.0474522260927003,0.0414976596651125,0.118218641140724,9.62554063393533
"222",0.279705432887162,0.0428196348679754,0.0420524730692224,0.0820381029839445,16.153524929194
"223",0.426728518372489,0.0523821069046998,0.0509460083678914,0.0738734654336602,4.01349864021743
"224",0.235736780905159,0.0461363705289406,0.0347986820851692,0.24143546563791,9.60054001793948
"225",0.187013314641115,0.0405801223038035,0.0359735908541888,0.0777813263814422,0.00155043584047911
"226",0.198740676175288,0.0407971236031027,0.0349781708853473,0.170458025213034,9.90321118111303
"227",0.155917460733745,0.0486257161752945,0.0395003898761447,0.23564168106028,7.19610830786211
"228",0.151523303334425,0.0413704037139878,0.0335014292402566,0.29316968557993,0.475517781411243
"229",0.11276664208909,0.0332161364164867,0.028090644890775,0.503627625249094,10.5057145371403
"230",0.194726239525054,0.0405935068177773,0.0308172138489737,0.490909461282528,7.28259767687195
"231",0.141255192075027,0.0420820066131479,0.0330826752282399,0.383838080587951,5.44847336491413
"232",0.0962564280091925,0.0468326233489772,0.0320135634251307,1.39477692629269,4.38626230988601
"233",0.162486890887681,0.0360669521761805,0.0305477534328772,0.468920157825286,28.6353924636567
"234",0.159801019297697,0.0370069206517389,0.0338690111812708,0.214451276224565,3.15157176392507
"235",0.242623170901286,0.045194603820061,0.0355905021131465,0.345654396706713,20.0353835028865
"236",0.167992233973758,0.0316122466863637,0.0271592932253194,0.405324618611941,7.31705218930712
"237",0.313359757332747,0.0457488903722099,0.0365497325085267,0.224344325346833,8.21233636040333
"238",0.135152697280748,0.0396157650928384,0.0298755130611326,0.922922913800597,12.9678072502492
"239",0.143937402847243,0.040229935848715,0.0290935399352258,0.87855129258549,13.1854250890042
"240",0.126454951455259,0.0427864210605905,0.0305821941157354,0.83494616367886,4.89921118605954
"241",0.221214174705191,0.0403595776292462,0.029841593062602,0.259076828803619,8.95970351388704
"242",0.208502444934507,0.0421241372865834,0.0338094612005285,0.317461177416401,13.1379618578688
"243",0.130607281203057,0.0343190880106485,0.0306733917304827,0.489013998791783,2.99350105938612
"244",0.173781781246836,0.0395751439147494,0.032087760483186,0.201665471221827,8.82522865327424e-09
"245",0.203159677822,0.0445756365196197,0.0355537492304999,0.448567249064981,8.79131219384877
"246",0.159680719486614,0.0336539597528549,0.0280600613959785,0.480578193489552,8.98417237294956
"247",0.216282719353878,0.0529062785874157,0.0481170140046534,0.340360951125689,20.2132683235903
"248",0.268131474794136,0.0467273367490655,0.036542217897179,0.358244210109869,6.97070662712855
"249",0.318871077517196,0.0477636076963776,0.0430036702931371,0.106991511679954,16.8192766244933
"250",0.160072912804174,0.0465558000501629,0.0341481731145094,0.497757656732261,19.205508130669
"251",0.141483494423819,0.0521995370685652,0.0387436581421524,0.50412290765148,9.12824758567098
"252",0.14798190317453,0.0400163367667784,0.0324807574338783,0.225230545828559,13.9982045115403
"253",0.0971703355075515,0.0319785558658519,0.0225327224862966,1.20054551539587,8.49319618532236
"254",0.247517358361834,0.0420293698453377,0.0311659285062998,0.391432686370977,8.58068494274085
"255",0.294903383857254,0.0501920027323485,0.0367073743463703,0.423997240009968,6.94595727999203
"256",0.242710581955859,0.0457265335121708,0.0418653748582429,0.244298736181406,7.16201661371314
"257",0.192674430747147,0.0389148213638781,0.0304154611417841,0.43553189008082,29.1944496507796
"258",0.221335079477029,0.0445249833459727,0.0431542993025118,1.75068915614022e-05,16.3633714932008
"259",0.229067924784819,0.0414293808923702,0.038616710897102,0.288487437179224,2.62532805414254
"260",0.270046162261638,0.0432413573255704,0.0343817656561204,0.219696551337707,2.38388035691082
"261",0.250678039954982,0.0543144646364028,0.0399981850542158,0.29214645365141,12.3215961947
"262",0.206616079594542,0.0437685929019497,0.0386842534186446,0.162833710925418,17.2433296448936
"263",0.133275859864503,0.040031628529739,0.0312557912444857,0.639538175881968,9.99542823120852
"264",0.0879176347726209,0.0410731624506402,0.0304998880848441,0.825907627578153,19.2315415169376
"265",0.151055064415487,0.032506101750172,0.0243749811280438,1.59116602281035,2.5429951612835
"266",0.157658221375127,0.0433522248152879,0.0336770063911434,1.27101324884795,41.7515201305477
"267",0.195736114175835,0.0422209771434095,0.0263224224112216,0.795990934619253,32.0277042016815
"268",0.163089897317685,0.0363344047564052,0.0323769763633333,0.619318297094598,10.3086044073922
"269",0.282352113675753,0.0449823182104676,0.0343423230985623,0.33993864129205,1.94933221958812
"270",0.132074579182565,0.0304495825461355,0.0254776478759211,0.912080073199703,20.0342348628423
"271",0.16159175389663,0.035475445548295,0.027622564484227,0.351845510710522,0.807778451063875
"272",0.125018207697972,0.0341586036901508,0.0286061612750169,0.653536012433257,10.9839786057169
"273",0.208800818325762,0.0431709004633111,0.03826189504353,0.231421599442132,20.248625055513
"274",0.220572656757896,0.0385146866012637,0.0384397674193787,0.150269352566519,13.8391364665332
"275",0.182944616148467,0.0555172223474014,0.0511323731593865,0.163993654677642,19.6979635270536
"276",0.287788267478647,0.0469743827907114,0.0419765622442723,0.202091986363383,13.1487865816852
"277",0.258914019772884,0.0463625948379871,0.0365720625241334,0.0537926664905556,26.5345270222671
"278",0.201602575951054,0.0462135406306951,0.0358699172328859,0.167973303466851,7.189129939166
"279",0.194082651264172,0.044873437371672,0.0359056866321738,0.194494062190694,11.5587345914761
"280",0.128094007662591,0.0415411541877558,0.0321347066033092,0.813294361879447,8.35872763609339
"281",0.390304792503726,0.0446222161469924,0.0387265871568255,0.0322011030114275,15.2584110066021
"282",0.123532161224772,0.0304652060511729,0.0243284699993797,0.637509805437894,12.8780422254718
"283",0.101083345944455,0.0435380954600321,0.028770912512612,0.570924695419867,20.5422207627891
"284",0.174718254624702,0.0347786085639873,0.0332601671851934,0.563333111972338,13.066723397099
"285",0.145148506527579,0.0384175685493897,0.0307060573043592,0.478012964666963,15.3592729288187
"286",0.15757896905611,0.0497166917611354,0.045496688952506,0.0131352081341495,5.28259591226829e-08
"287",0.220636426448757,0.0521941759758399,0.0408185342768545,0.18306273619676,10.9143644405219
"288",0.192767436480037,7.96070936429211e-05,0.0242374439184983,0.16647795122374,6.30522965831905
"289",0.146817157697794,0.0385107349945701,0.0280267309463958,0.527051575386247,4.77484812522069
"290",0.24533371785157,0.0509297101398132,0.0380653476069108,0.258543665646033,6.54576804386963
"291",0.441755770348073,0.0580511101427633,0.060154017005557,0.0816792319474459,33.9460107635004
"292",0.118560612617427,0.0428740766335123,0.0265124806150746,1.36797862113619,6.09224047616488
"293",0.160747320616731,0.0319346853774753,0.0262492379566981,0.669714297021489,10.632597140656
"294",0.122391015899728,0.0367551464171857,0.0295588238596582,0.442026266367402,10.4259230541257
"295",0.152269064618508,0.0345330360684116,0.0300470089625741,0.181559361452125,17.2737677162549
"296",0.141237852542401,0.034835814429806,0.0286677313684935,0.951365034321755,18.5582871838464
"297",0.319923163538428,0.0688275794440121,0.0627157750469339,0.02515919409018,0.000215688340470177
"298",0.175394376386079,0.0504665106870681,0.0415939929436118,0.149956183372515,11.8158824995374
"299",0.168472993294223,0.0411984372016331,0.0317380975179519,0.346831870714438,8.33554746244472
"300",0.214720838759966,0.0371725451638403,0.031430091960077,0.166383113514504,15.6792840159265
"301",0.215628428027671,0.0303554489252917,0.0326278350194129,0.106735683710965,0.243804230981325
"302",0.179857069188136,0.0436374729581275,0.0333148395280388,0.308811902050849,20.3186693807989
"303",0.207357380240093,0.0377729324379547,0.0320755048454161,0.118273138329228,7.97582855206754
"304",0.194109669410527,0.00160976459415697,0.0278951598037247,0.087643807307572,1.49273547343437
"305",0.224215030490931,0.0411883234604699,0.0364797938750067,0.555555457733438,10.7594852862585
"306",0.173796278015949,0.0414097371601117,0.0357210229278943,0.718504769265555,25.8111120439578
"307",0.177163652456137,0.0402626969496393,0.0314710776051645,0.493041528423598,11.3878445081448
"308",0.156155265624758,0.0439054115979572,0.0367094477110568,0.808811530968092,11.2018947691863
"309",0.165076013982844,0.0361492713867531,0.0337490286453925,0.790030263936151,5.53739619950916
"310",0.212279967700461,0.0472664408278186,0.0387054611022428,0.47206232972008,11.4561024925399
"311",0.0939413656161074,0.0363556835238788,0.0252672509874285,1.38334305294421,48.2765293974949
"312",0.383014491947426,0.0614303620670805,0.0558031947060446,0.028568649942956,18.7426360941171
"313",0.20450416704594,0.0403667153390453,0.0366533220795814,0.2416541175467,2.32583444342007
"314",0.111388679195369,0.0267738507397022,0.0239683714491353,1.13034676267807,0.679496222741924
"315",0.201159681107569,0.0502341030336628,0.0331066166288851,0.310864285504521,13.1673426654421
"316",0.187441632784945,0.0447511620018404,0.0392399357637214,0.244119435851456,6.11668217730002
"317",0.162035900135252,0.0376153779516531,0.0311641910484611,0.717039896981138,24.2078648664818
"318",0.310756012856291,0.0592351254669171,0.0492456519060387,0.134735354472205,3.89747278281372
"319",0.13047829239752,0.0344858367363126,0.0285929811606792,0.44070935155769,11.1817517915334
"320",0.292383202599138,0.0519966938516064,0.0393041679608719,0.861991768359114,14.6419370627918
"321",0.308117013603788,0.0454069472841205,0.039975567286115,0.0507115477296349,10.0285205363112
"322",0.131068967856235,0.0378402391673378,0.0246791668525799,1.49739681133637,32.1683168491921
"323",0.143006042329212,0.0400528410054413,0.0276876010792674,1.02211439215942,7.05654503561514
"324",0.213209065261493,0.0457515106995539,0.0410832278321173,0.176498971452224,5.31082728960701
"325",0.108482965546774,0.0367695195253102,0.0284845353758857,1.20219357672459,5.20810685756303
"326",0.121937686066093,0.0415627015039457,0.0349332871531629,0.586479257592301,7.6001049308908
"327",0.121842505472803,0.0404008436809118,0.0308741254889448,0.349687682229531,18.3629460532814
"328",0.280242755485747,0.0473269828256577,0.042612818372223,0.0959913145417821,20.9994429838498
"329",0.264569203389371,0.049072362916257,0.0382273536130872,0.256071790248717,8.79788117271689
"330",0.145296757896133,0.0354563665688204,0.0322541175929707,0.362828353266696,41.5973496838447
"331",0.155878900951649,0.0408274521250275,0.0295983676246617,0.252115119790601,24.0808384260075
"332",0.206967542403007,0.0331098470347857,0.0341784845622446,0.259607566275249,16.613385268727
"333",0.2019748827775,0.0307799685613155,0.0306435182074038,0.0775705899911356,6.83085652983899
"334",0.136776639885048,0.0358953803100037,0.0287439336406003,0.459973385862369,4.17341514143652
"335",0.147005238377648,0.0533908407569932,0.0356068497263853,1.23551892208982,2.49977017551801
"336",0.194558311952738,0.0392417739755273,0.0370193130931271,0.190232971836504,9.57691808767044
"337",0.141306299131403,0.0384834444051169,0.0318761805187507,0.294166311145122,9.66348943444408
"338",0.240690649655396,0.0582528812245602,0.0477633156316311,0.0389061946318132,10.2997788702062
"339",0.160985665895558,0.0363238124373467,0.026535024646612,0.919433315319228,8.67272352741513
"340",0.13728909447257,0.0420554042706532,0.0324528327786568,0.399768737911208,1.07066381735127
"341",0.258754942184986,0.0386393755168468,0.0325078026447555,0.406575175889125,0.441753335268188
"342",0.212660213126098,0.0414881164769559,0.0355144260337029,0.103769323136737,12.0195828799388
"343",0.24809962176121,0.0392264473660425,0.0372911273011071,0.636799792466858,12.1729760597304
"344",0.260118014871696,0.0428818802040511,0.0407031677954614,0.264470819041524,52.1510970161027
"345",0.136422703666034,0.0358726593435952,0.029983930564904,0.954151200272578,10.9933699359227
"346",0.217236521094841,0.0416577088292435,0.037192892098737,0.456181677052885,9.95094171039955
"347",0.259451728358064,0.055269850951605,0.0426058944388603,0.0526338268825728,10.9402657112971
"348",0.153387694451326,0.0365439863205285,0.0290345035046568,0.204103013747531,14.3753439137034
"349",0.179210446631909,0.037923813154401,0.0303123030156405,0.792307078848842,8.09981436355631
"350",0.0813798882077376,0.0387801931252315,0.0300333417006075,2.36274764955676,4.29168072531759
"351",0.212538736837998,0.0411053841106051,0.0328651674212827,0.740842948434509,6.08253943041493
"352",0.213557239566436,0.038484057130515,0.0354864210557644,0.298780476012428,4.88406682754264e-08
"353",0.264215916099489,0.00977401863219574,0.0306099659685962,0.106822187614216,15.4976441661768
"354",0.0853292344106344,0.0402185733382117,0.0247455564165415,1.27930446116931,9.44553887076361
"355",0.210896693050828,0.0442225181134396,0.0331903952639009,0.225602020560649,0.376203762123129
"356",0.257853961877841,0.038186820275259,0.0367428140693648,0.241458583054294,8.82647259332688
"357",0.107886437986416,0.0270358688279872,0.0249030532748305,1.55188086491999,7.43276064857186
"358",0.217785398413899,0.0419905569894154,0.0340101327016477,0.12626060176713,21.218713608554
"359",0.189110589841258,0.049220931589112,0.0322935121556306,0.472379058733228,12.2315161055886
"360",0.289675102926342,0.0488606766340146,0.0378015006567586,0.187403648044004,18.0652202016613
"361",0.138250642954327,0.051626676075237,0.0371031788510097,1.86662052510292,20.9017799989655
"362",0.149960798579093,0.0430755217967433,0.0367910566521479,0.30254506089772,10.6052808330377
"363",0.192008302385012,0.0565189628141141,0.0351610254741421,0.544597866851605,34.0735741092282
"364",0.141953153239048,0.0406423957775362,0.0283829991992289,1.07233279533639,7.12463726789065
"365",0.17342334556057,0.0337305264719654,0.0305410080225839,0.531999730463925,10.6708716587611
"366",0.124844020052914,0.0415831494314027,0.0270483656608061,0.68728781422786,2.65798923760341
"367",0.253407511464806,0.0475988409435731,0.0410229305447783,0.117413117703721,7.66977556796176
"368",0.145870002569091,0.0426557592576771,0.0289433053745623,0.93080606734625,16.2478607766898
"369",0.314459154581921,0.0433480987127471,0.0457853790041732,0.0224315299848137,17.6434892727436
"370",0.170912140619521,0.0441337937109716,0.039180609067963,0.112720139562535,27.3856029841459
"371",0.19842276510151,0.0406519662017243,0.0328086503797565,0.51140904851008,23.6528065984574
"372",0.27468783154643,0.0562917593756864,0.0473381444387354,0.0138408990613434,17.4261543682501
"373",0.288361455978332,0.0512426165347532,0.0462133596498085,0.132753879529402,29.9609583371937
"374",0.260231255685244,0.0473717425045925,0.0431881176673129,0.984439603258541,0.58461546082428
"375",0.170798040539659,0.0351412181135343,0.0264477959592792,0.390882876600008,48.0183580699665
"376",0.124555224144366,0.0382696513888414,0.0319524521999658,0.259936218297685,12.2766202127197
"377",0.179041165303072,0.0419080606297348,0.0352374321252611,0.123115478493122,37.2925904074084
"378",0.212862170668417,0.0365539742929889,0.0322307777198859,0.451939952169138,12.5872708150564
"379",0.14392664898917,0.0328985469453175,0.0329027484701844,0.146009683563141,1.85267204780931
"380",0.129023102298049,0.0406794944850043,0.032036986060389,0.607949743518129,13.2637430619939
"381",0.137763718109238,0.0465271403958852,0.034964606724242,0.396512206981106,11.1029490548706
"382",0.179255145989851,0.0388797278265879,0.029302808191207,0.226028835945456,11.0332077853197
"383",0.169299935984585,0.0316055533064897,0.0251560660668474,0.873661916140689,10.1395618010322
"384",0.121149568503706,0.0341656858427801,0.0263584409168974,0.257321339027973,0.439610118487102
"385",0.147571124212468,0.0416764036877839,0.0310695531194284,0.109415791183272,49.7138777749948
"386",0.115892355642139,0.0407746487160843,0.0323498972082447,1.21581032842324,21.234339295207
"387",0.121416218495274,0.0339954887113947,0.0254387299193481,0.56241579440259,13.8686569530287
"388",0.167446189608638,0.0333511350025616,0.0302374019438185,0.204576760346182,5.57052315040912
"389",0.138027833363485,0.0409368531917759,0.0294783470827017,0.88002472454946,6.9532244656148
"390",0.267778304436122,0.0449223902244823,0.0445699421188872,0.0012394872116463,27.2091945469431
"391",0.269607060018377,0.0454075559546843,0.0366046032411053,0.383399589236831,1.92560724414321
"392",0.156326320116951,0.0427142572198975,0.0342218540891528,0.238129718259731,22.2462480945335
"393",0.137840008991606,0.0403003243891252,0.0262839677167765,0.79868255432297,4.15373531374386
"394",0.260068330589513,0.0510114426617683,0.0430439063970528,0.192528559672603,22.8342920420002
"395",0.231386325034949,0.0434827089091746,0.0328643045818079,0.378982500360164,11.3573677888911
"396",0.2056665928563,0.0366282575037821,0.0353421075529234,0.140764185357611,9.38533223662551
"397",0.149964397379069,0.0445010726049176,0.0284639852278826,0.375749777827394,1.09688939613158e-07
"398",0.191354506236149,0.046471671381851,0.037641061889876,0.195520199392783,1.84192877596995
"399",0.20891218509018,0.0395347384983614,0.0368306576659098,0.421018685084275,10.591143205764
"400",0.162124169622158,0.0331151143100257,0.0264159688743582,0.474957547683146,4.51579408650187
"401",0.12320425320899,0.0293362479020302,0.0220465403673376,0.497138726909964,15.7779782279467
"402",0.146927043488407,0.0280009942956682,0.0275523830024703,0.28334422994893,26.2848629102982
"403",0.211364689279854,0.0559135982721548,0.0458118210295739,0.168565994907609,13.8404837176539
"404",0.332972127613398,0.042191479784164,0.0403391471329748,0.0984305895718437,9.38192520494938
"405",0.111055215197047,0.0309667390025727,0.0257764749288153,0.563179330849667,21.4973527192862
"406",0.173599094693901,0.00646419332298821,0.0265126296594789,0.137878256826134,28.9597526039075
"407",0.147410763686549,0.0404110087091649,0.0325203997737889,0.329476022676199,18.0763865196903
"408",0.172730895462018,0.0528485759507804,0.0376159520553669,0.78169220083432,2.53245868023801
"409",0.15995099928618,0.03837330257209,0.0320486124170592,0.222181101247497,32.485860659738
"410",0.197469659929565,0.0379171289449841,0.0337233600970618,0.359823000305322,8.79582939335432
"411",0.167922885520082,0.0434326254037986,0.0363230769028612,0.214094594977433,11.6658834334755
"412",0.256604893252284,0.0443418978169228,0.0343848636077988,0.365329048276401,8.51553838156484
"413",0.168169052876111,0.0548447911041923,0.0396808721560744,0.582990178080585,21.7554804925364
"414",0.168121795531788,0.0360840090747822,0.0296103513259549,0.576695021233572,36.3373333148044
"415",0.265374997880847,0.0384115678930327,0.0316183571263629,0.253712735922078,4.83915268137526
"416",0.351772523775914,0.0465430378170432,0.0458805333279268,0.0232358033337882,10.3037891575031
"417",0.174286484668331,0.0376121477988424,0.0316915998706089,0.231047814554425,7.7858794923248
"418",0.107611311463068,0.0327780879022213,0.0255463844750139,0.618753139165777,7.3657683852882
"419",0.329192980181551,0.0449613290669542,0.0436409803663577,0.0737843929355593,30.3060472887281
"420",0.0978922548739065,0.0370288637779001,0.0258739093875648,1.2600615041594,6.80826473907936
"421",0.219117197361589,0.0340373301761492,0.0334886554042176,0.184194270481944,20.4761991107929
"422",0.172449978091178,0.0408833478962286,0.0329360289196556,0.927398472638348,9.17289165214372
"423",0.19856156028202,0.0534656177278087,0.0432893300037156,0.342662899110689,7.59059644516226
"424",0.13259440661969,0.0407913524073262,0.0341759542570567,0.432665161750629,7.19752891841054
"425",0.260828398214255,0.0474319231841048,0.051376838919412,0.0255854221758073,24.5933521916226
"426",0.181287059269145,0.039751535509216,0.0316868869060979,0.0955454031600455,34.4283890933821
"427",0.360808511729015,0.0534943162617597,0.0478075303889595,0.227290269017236,7.75892563349602
"428",0.159784125964125,0.0353681804150074,0.0308607708255089,0.169025509554957,15.6173780629298
"429",0.153987389371651,0.0373820459617892,0.0320221651061227,0.28909541829856,15.0760575045926
"430",0.169659151789367,0.0337811807838063,0.0311405450379259,0.432856904050306,18.4687449700987
"431",0.15490813171129,0.0357785579187095,0.0311154350946968,0.396998572220739,14.9825372823206
"432",0.157392040254592,0.0376960440490244,0.0345854680203419,0.326858299944239,7.08969934053382
"433",0.10267090283721,0.0362565458580901,0.0310585932619135,0.424319394843201,21.6033555373212
"434",0.215109151037054,0.0408592008373937,0.0344338973089851,0.128716139135281,12.8964918587904
"435",0.147200938139411,0.0339476603154752,0.0302694285227735,0.150853008254639,11.7242961220756
"436",0.0771930678253794,0.0374610777196941,0.0234733861038407,2.89812177527932,61.7661680279866
"437",0.100512340553516,0.0381447314313691,0.0293528598000215,0.238526345145591,26.056999666867
"438",0.1612763012501,0.0273517531968203,0.0243200571311688,0.620229422479074,7.74486445131207
"439",0.222404888125663,0.0453311509449053,0.0351798441053838,0.204937802778105,39.4288766186029
"440",0.341699826926966,0.0558524497324317,0.047530834705181,0.122834393707296,8.64541557632303
"441",0.196833731990602,0.0383183477931226,0.0357043247918196,0.473300024875993,22.8419372420927
"442",0.215985030919046,0.0345282603623339,0.035269627087447,0.179158875241613,31.7000474325797
"443",0.173393215167273,0.0388673165565629,0.0304850995946454,0.35263003588387,19.9061007290734
"444",0.323728631668581,0.048041267702635,0.0424575975878528,0.0954747644542506,3.31962154960664
"445",0.116238197347311,0.0343492792774134,0.0242157527503138,1.58404628081791,2.47431211344471
"446",0.11381636567667,0.0385664656784365,0.0290721015121806,0.505287381149413,4.30794478190588
"447",0.153695834404538,0.0404869425750779,0.0344462034953065,0.116912504938109,2.37345363407983
"448",0.135455332384398,0.0327158016829669,0.0289008985481472,0.990761984760054,5.99829261683305
"449",0.125866595648988,0.0361243956899515,0.0326351345043178,0.128912564508909,0.350601469356211
"450",0.136124868661047,0.0303926444810042,0.0267020547399612,0.541541266323202,10.2312753419907
"451",0.130806869175699,0.0364701650286131,0.0292888362920696,1.33703428295787,38.0894925159057
"452",0.258815303993296,0.0393997564886484,0.0350767255061041,0.1678574840259,52.6154005766013
"453",0.177673573928628,0.038067896616469,0.0296591913781145,0.367039456899795,29.1244235587752
"454",0.190996177948475,0.0330202233946861,0.0279529102210329,0.568897456482077,7.09155442928251
"455",0.258932110311085,0.0404551914495593,0.0372718953090153,0.168625591751485,22.2688884523348
"456",0.176303707530781,0.0405661034724996,0.0293616221390777,0.47516236908134,8.25983583796612
"457",0.15124888469154,0.0403558966797429,0.028089217571386,1.32668945078917,15.0806412838843
"458",0.28619613240349,0.0476905317565309,0.0361040438522677,0.437664454299718,4.82387828448264
"459",0.280667518186835,0.0401603174059639,0.0376928466501315,0.0856176880018371,17.4598694315666
"460",0.186287968573109,0.0419026522229487,0.0406100391236281,0.172830673794254,19.0280180392812
"461",0.202327457894105,0.0340291777665943,0.0317891735812899,0.323841617406264,13.6699137128945
"462",0.138057950198971,0.0388200890655228,0.0288604030443843,0.864926879429153,23.3508630509343
"463",0.206096238418565,0.0361388201921291,0.0332806103490632,0.153322226035385,1.7089706004417
"464",0.1667424806656,0.0456276894294077,0.0334602379314679,0.285705843012031,11.5112892473721
"465",0.171697240211988,0.0355840952890856,0.0298900027213025,0.415015472104845,29.6726735125695
"466",0.125893282506835,0.0436596392300559,0.0302025338324298,0.507828398744719,12.1280131156376
"467",0.125340158487997,0.0317133936209385,0.021240502083185,2.64503036672971,1.96635277321689e-09
"468",0.156048452514654,0.0351515927837454,0.0255384301461661,0.447398214465599,13.6916722919007
"469",0.160664395634696,0.0416115204012376,0.0306425749410282,1.59726436501836,20.4183615915251
"470",0.198191857477583,0.0427567045488539,0.0401681076264972,0.337483487669384,8.24449508661724
"471",0.373338620738099,0.0526396722154497,0.04701742715975,0.113369598745571,2.24962624353448
"472",0.176117722688558,0.0476086341167594,0.0338137664965294,0.32529001112237,28.2949361526002
"473",0.253892080340047,0.0578667100131198,0.0428247379434407,0.276487001593918,9.72189211810226
"474",0.326516408924663,0.0477087560797667,0.0407949057807613,0.0877477284107636,3.58954605740911
"475",0.21014695893646,0.0459243727913131,0.0402427751569581,0.166664267639858,13.3447819180197
"476",0.284985857498457,0.0432382566962077,0.0394951755476303,0.17630537553724,6.44703917797069
"477",0.160160691759233,0.0345513422729003,0.028098194315549,0.560854076716222,9.5001077532925
"478",0.144954968988208,0.0419869858822992,0.0312062952693447,0.601940801507253,13.5603061261667
"479",0.0572809999125343,0.0348993995353013,0.02550103712797,1.95941176432453,9.81666834324677
"480",0.260607364925293,0.0556665398758969,0.0439755185324384,0.312196914074646,7.67754949662404
"481",0.1249499957937,0.0410177681357956,0.0315835550717438,0.426004280621151,20.4257112855148
"482",0.123202595784126,0.0456001811539691,0.0315080357900067,0.666961763173015,30.2957382324734
"483",0.134550662646168,0.0372094877480456,0.0270787216893072,1.08100486016836,6.81652606578411
"484",0.290362517233073,0.0404282121892513,0.031486010967718,0.368886066073165,27.7299042102277
"485",0.156091036145436,0.041175101530142,0.03363067661429,0.657396226923871,5.01590703762699
"486",0.129447996305332,0.0324645960249347,0.0272689373691001,0.888781717827539,8.94847712447642
"487",0.15553729769354,0.0390726440009123,0.0343737302045676,0.265972842084297,16.854541263145
"488",0.203518579313368,0.0352383002314379,0.0297609623688486,0.215494673514957,10.4573179063858
"489",0.275923245879706,0.0434094484676629,0.045146452295306,0.252810298491672,24.5051930637526
"490",0.205227294957134,0.0478176928113357,0.037644629283591,0.161701720526297,9.27171844970614
"491",0.114785091095989,0.0371614699057068,0.0268865225316496,1.56502597376124,11.6176012888785
"492",0.108458942113271,0.0236653573534206,0.023050238299946,0.934441611056963,14.52863784398
"493",0.157502389440009,0.0447421757390658,0.0356762357081071,0.273945610276114,10.899724085896
"494",0.259843513317673,0.0387501965354119,0.0350530159838655,0.218680973471,0.414129500965318
"495",0.122865642515574,0.0371253594816291,0.0281700645752537,1.5453113175355,44.9092240621574
"496",0.196890497977341,0.0377212019304031,0.0283561071740852,0.356401776053829,12.7985184782116
"497",0.233372647960486,0.0433422472686775,0.0368382075293177,0.185764986578077,10.2639864388191
"498",0.160784628970992,0.0346629304025019,0.0321504237644716,0.306469807817888,11.9033361987852
"499",0.11618829671373,0.0344930449355321,0.028538376993873,0.479688854177155,11.2155823400467
"500",0.135737972816467,0.0327993027546194,0.0277438064866617,0.303713334016879,32.7843129647539
"501",0.269991301631693,0.0427265939210214,0.0378108265345372,0.303851253179716,15.496493126679
"502",0.261085246873293,0.0529895209790591,0.0402038804329284,0.336035085295518,1.86774938676342
"503",0.261082412901382,0.0414324852279138,0.0425816209354906,0.222087478860281,11.5892100689047
"504",0.203602104558585,0.0321359670297728,0.0287685222504332,0.27205154977517,6.5877740337253
"505",0.175142345154803,0.0551897199017653,0.0387202554475662,0.182023167020222,0.299581308593346
"506",0.13797151342634,0.0383340306905937,0.0260827896067248,0.468035354375418,3.25807430425496
"507",0.224001492655495,0.0464044103583291,0.0377145383398571,0.151486736012596,12.6150464539895
"508",0.32390698334955,0.0477576787427785,0.0485465196828599,0.35214404532758,4.35105553838393
"509",0.199942927294447,0.04092206860472,0.0363276464913806,0.10558609609392,0.220422855913224
"510",0.151104165073279,0.0341668330116803,0.0325212511634497,0.299039032438643,27.3867565754844
"511",0.2374248358637,0.0440156762997772,0.0347350532673291,0.34414645871086,39.5797143474897
"512",0.151372704640642,0.038649950344466,0.0330720106808801,0.554569004140892,36.4594011851598
"513",0.113521474056463,0.0358167834027831,0.0289167747342565,1.07969107828974,13.8859218241215
"514",0.160313729373624,0.0372489983161481,0.0286153902347753,0.636298392343866,41.7520488637948
"515",0.233603574929474,0.0329573709072687,0.0265284990065907,0.586659303718878,10.206834790543
"516",0.130604162530279,0.0515500474740195,0.0359440597383052,0.779832370579881,30.3640406547586
"517",0.17741318547694,0.046670671043931,0.0307056527581058,0.6340058450464,51.7962252009155
"518",0.270892830381508,0.0510319026080384,0.0476023323280477,0.080757910340753,2.35749560729781
"519",0.160845656942899,0.0327971626903007,0.0321447826968206,0.233393081805415,16.7247786535303
"520",0.0955673025985528,0.0372462288592352,0.0264800747204392,0.953490208889719,1.99556702814532e-06
"521",0.214484818092885,0.0395094332005467,0.0352933209984332,0.0962638996414587,0.289562825391447
"522",0.175993114895634,0.0433258245188301,0.0340327690035495,0.184154027829709,23.1539435844294
"523",0.176446134429054,0.0372319993933655,0.0347863460104154,0.285459161134907,11.2263305161177
"524",0.21404357353454,0.0503134161965955,0.0356824956776368,0.22632800477872,27.8659759191686
"525",0.0896757316080339,0.030566236326407,0.0217475767242771,1.02679038292468,9.14039075437883
"526",0.182907839762443,0.0408337982967257,0.0307824845640092,0.92976529950335,23.4797755773366
"527",0.176341156387278,0.036822611202714,0.0341793632657933,0.306605077679535,0.750878987830424
"528",0.272560504033916,0.0441019833577324,0.0413498634704803,0.212475228134967,15.2195149040334
"529",0.181343707725122,0.0318481440631845,0.0305742543192667,0.166050611405127,8.00457635286624
"530",0.212264506052451,0.0382008818376227,0.03592423874958,0.378880822759384,46.9479145098945
"531",0.165908784500367,0.0426757414553803,0.0343230737180021,0.214376070030646,27.0477249593387
"532",0.124355697769487,0.0469889274556997,0.0424995265207438,0.0814828909244399,8.92416307993207
"533",0.261227711911118,0.0422525078526736,0.0416613297539882,0.0821876111657176,17.354331331996
"534",0.291664563416646,0.0435142957253384,0.0419761778792178,0.172277213218045,13.6646447521629
"535",0.182827037785132,0.0423572732358303,0.0385620924809752,0.479669888121659,0.58156161670279
"536",0.130733543136774,0.0320142586247126,0.0236024602301011,0.582257502260896,7.77151443494934
"537",0.23757590111012,0.0501117039438425,0.0396004206141827,0.332688909271425,11.3956936792095
"538",0.105760958313391,0.0349116360150576,0.0264502481244199,0.397765039840518,22.9306601208804
"539",0.135822172820643,0.0390087528326997,0.0342287045092586,0.28190818878655,37.8632954180313
"540",0.0996984645228537,0.0335777799396075,0.0285755843478093,0.219690538472771,14.808389280116
"541",0.160679910989224,0.0349542632856591,0.0302739782309088,0.205546846261218,13.9881256986219
"542",0.132031516473938,0.0364643540999382,0.0314104922520299,0.592322808396777,34.2115485332666
"543",0.335171343846925,0.0456630843056529,0.0475886920030194,0.103770210478803,13.0883842360338
"544",0.158536948054436,0.0405687307259572,0.0328110160175022,0.40540844703267,14.794601768185
"545",0.30894124829513,0.0477820675740773,0.0379802070056259,0.215318779996844,12.5175071704664
"546",0.221655415139619,0.0489633929597946,0.0450216820763293,0.317794861615772,6.15668788471739
"547",0.172133777324181,0.0532684046882468,0.0362576520546426,0.627810931382543,20.8395357044145
"548",0.171571621878628,0.03520207186359,0.0332598696410601,0.149112323545605,0.322712071356127
"549",0.0993178862787009,0.0302335572764083,0.023036746075892,0.963243067923051,8.17859915934065
"550",0.0846525880697645,0.0448665574118551,0.0286959446745965,0.819813382077884,44.5130609107254
"551",0.190155629929982,0.0339221094866895,0.0263937287874883,1.00261823213283,14.9441904268997
"552",0.133415164619331,0.0472469433894536,0.041377044916591,0.649476676899555,29.8284107135143
"553",0.147276213842114,0.0403231615426245,0.029471820241503,0.447960296888416,23.5108951952783
"554",0.245639043488719,0.0545854695214815,0.0456963994907595,0.282737124288017,11.9795691942125
"555",0.108338349480932,0.032338062972791,0.022603829985285,0.99254574678175,20.6285544079059
"556",0.144854431747446,0.0337891406612443,0.0258377276891721,1.25963858078645,4.92610125028664
"557",0.192546960191821,0.0394627203818307,0.0310046363856563,0.660633826884423,36.1287543083653
"558",0.214620837502637,0.0410730734348909,0.0371843156412015,0.129224021046725,1.63476249410929
"559",0.198690216739392,0.034960051289619,0.0279997099200784,0.360354328325107,33.9863089597652
"560",0.135208059106717,0.0359624126747543,0.0320460101348352,0.418902776215073,6.08490516060735
"561",0.186564716497599,0.0418228545736416,0.0306851620283218,0.374147280209883,21.980223785738
"562",0.11603193781683,0.0313600698381269,0.0272496710870975,0.397251060479771,2.11850749706387e-06
"563",0.1428328776281,0.0317841423575955,0.0225886425104997,1.33963508581308,15.9146891027238
"564",0.261515834061994,0.04228233428678,0.0345586671853378,0.184201439095668,8.70219354467356
"565",0.172132842103086,0.0515828590425997,0.0388229945663567,1.23482605509885,11.7048057902951
"566",0.304364937031325,0.0427282608244532,0.0311870123739139,0.416617857566957,2.47585251225883
"567",0.20386618258613,0.0464271256123836,0.0332523804295104,0.46950269529451,16.5655294387614
"568",0.242455650489704,0.0391810358226111,0.0361157892034673,0.0490583275858516,0.117713870567856
"569",0.285039441352648,0.054501638184017,0.0437177478152868,0.130715001286635,24.7741600127854
"570",0.146241519145547,0.0343542248161156,0.0316645870826288,0.251337708097198,8.7526258544142
"571",0.153956178815972,0.040688196097358,0.0404104774086586,0.568536613061328,27.8924580997384
"572",0.119344992913349,0.0324640602784435,0.0247946752264461,1.32885748813702,23.3607875300003
"573",0.177126004719736,0.0528814989776351,0.0393599037065701,0.79374586268809,15.0059942901325
"574",0.199999505200442,0.0384628722272572,0.0293867924394851,0.374462682850423,43.4525448052486
"575",0.184165059044193,0.055392238338922,0.035832460241136,0.999095188083857,20.5473489261717
"576",0.215804085316011,0.04008201924981,0.0380936190912798,0.388633285274919,42.8613267383793
"577",0.148306960419974,0.034992857322665,0.0279484611403235,0.458781635923262,6.80051018922462e-09
"578",0.14771514089574,0.0379650083991133,0.0292594141961394,0.7232347454055,18.9145328572758
"579",0.171244146588176,0.0369768307528595,0.0296929073758925,0.441665592511638,18.627219823882
"580",0.210140444755789,0.0316636147245056,0.0317921618789497,0.30136744178942,9.87061658865143
"581",0.188573249461768,0.0366863858785442,0.0357098056447463,0.0789070815208892,16.373273888888
"582",0.187187336167933,0.0398415757664606,0.0304406149295059,0.18311813647279,4.06086843704607
"583",0.129720761166852,0.0403187437517656,0.031874719715095,0.354406831970737,19.299479403057
"584",0.158227625530099,0.036893512985749,0.0289483127304781,0.652247874439126,10.8736066166492
"585",0.209787885437726,0.0361592254260538,0.0330552474887329,0.322972167973127,19.4354377816229
"586",0.206744360376622,0.0409306175507335,0.0399959497466442,0.093415932547164,1.64860601733322
"587",0.142962504188915,0.0433320407754834,0.0326562580299723,0.444384650483629,29.1748407915537
"588",0.268182532888174,0.0436670023297429,0.039964552823202,0.140651235422335,22.2705105043434
"589",0.263917876815205,0.048813015866496,0.046549667070785,0.179383048805824,6.65353760933788
"590",0.141015130755747,0.0370726400761802,0.0297931834334116,0.261801066604078,6.92409057121665
"591",0.199428980074989,0.04082770043268,0.0360766909849809,0.379261002533418,18.1912564522201
"592",0.121959224431973,0.035733473837521,0.0273892729465379,1.68713617169201,10.9442684220474
"593",0.320510712812811,0.0444331129812699,0.0466964421248946,0.0426396619530331,24.7851757886363
"594",0.162213839790295,0.0474351624940088,0.0378016698018629,0.685673356895013,15.4155332623411
"595",0.145163305232427,0.0413941830829479,0.0357216897814851,0.296165741468839,10.8134505885368
"596",0.128296664120792,0.0409661947840118,0.0308861065506752,0.387014879950134,17.0135524349284
"597",0.166303937693494,0.041113229253297,0.0365327757963893,0.0631386530661027,13.124229974325
"598",0.19541733369444,0.0415315213663887,0.0282328047430719,0.612563714324648,6.19894621223884
"599",0.175869304662893,0.0355142003853713,0.0341374055223503,0.226723071438988,13.3535830233357
"600",0.193182526436614,0.0445280059940962,0.0328145992802246,0.521768026925093,4.40907788364128
"601",0.247007413000619,0.0392474502919329,0.0344309747754007,0.207552086940425,21.2346967667782
"602",0.198328275999014,0.0491911748467405,0.0411432550260079,0.146453145168869,6.28921644434976e-08
"603",0.133148313897281,0.039785220133944,0.0282174354130976,0.612194677074948,18.7323829966642
"604",0.137109474140661,0.045097406446648,0.0396060262008037,0.170237082744343,2.86710256193034
"605",0.286317907533826,0.0471475879989625,0.0405167017338821,0.174011628139979,4.46167839237387
"606",0.522241829193919,0.0540127071721774,0.0572782172627484,0.000869114689831686,12.2776035990267
"607",0.128382599253824,0.0445360035202276,0.0400090764262263,0.374320198499301,5.76954478919632
"608",0.149188564590484,0.0499051769924672,0.0350132837922438,0.601100032773298,26.3472562620716
"609",0.237970261566545,0.0513079985434751,0.0431203603918893,0.0507860073683305,3.42472056665425
"610",0.24983766769428,0.0355183962589059,0.0315155796838262,0.133162742197231,14.2453747117092
"611",0.23544308123714,0.0490814491084248,0.0387765189291799,0.118341008295529,6.98115439599744
"612",0.274973609171025,0.0509873476288603,0.0355044444416992,0.108183574603198,3.71446180249204
"613",0.124924780109323,0.040577680717974,0.0273231662547533,2.61515097048391,19.2877845505685
"614",0.247565013207341,0.0440775938905369,0.0347511473837593,0.120556614982732,27.6252201745128
"615",0.156102760823384,0.032063262200573,0.0240465801872978,0.417394819236906,2.87955452609362
"616",0.252093272739158,0.0394517456230767,0.0330091174736577,0.156867517235967,48.2286728504001
"617",0.184934992351507,0.0544846177501943,0.0382309737491194,0.172340871053103,31.1151961321603
"618",0.246326765848079,0.0395402628475034,0.0322896058745074,0.285831932417235,42.7037649407425
"619",0.252309555350306,0.0379344700602294,0.0346040727974681,0.163022681320013,10.1475139457477
"620",0.28366814912584,0.0433756533855212,0.0312120340099443,0.298961749802745,5.31307087934512e-07
"621",0.169731637881033,0.0361300743093464,0.0270699494883966,0.74883746446214,4.39113378044628
"622",0.289927079087001,0.0462589215155999,0.0465559890023262,0.376823812417796,2.313564970169
"623",0.165510150191162,0.0606059272834574,0.0409592103098072,0.732512957307605,23.9684871584871
"624",0.167537994503386,0.0302921576952307,0.028761885772502,0.146006239681458,10.2688089657006
"625",0.0672937237837462,0.0376110675534524,0.0267204122780079,1.35922155313035,5.49381670817224
"626",0.0918017221027633,0.0370749519382347,0.0251891070953317,1.32895774521053,11.2158930314712
"627",0.165035211513967,0.0390082959505757,0.0312089083559327,0.660481523862037,11.2026849376846
"628",0.146224663578988,0.0389452329243611,0.0307567883359863,0.474533561436786,26.0445779457174
"629",0.149040242445134,0.0302464144634972,0.024169164187323,0.863680858699975,19.5556229351505
"630",0.118766782922161,0.0393205063168543,0.0265439446567203,0.622279952695222,46.2059817622792
"631",0.182459552138366,0.0440745972795257,0.0394318431800132,0.474628821187245,22.3849050650424
"632",0.198248441908741,0.0433143730485039,0.0310593982810762,1.31740728978019,9.40881469110833
"633",0.171041164909077,0.0386944606950278,0.0382544490661808,0.463008210544087,23.921263552064
"634",0.18567205197921,0.036059480563896,0.0336382898841588,0.456253002661821,4.84432576131575
"635",0.12571466992263,0.0305359470387444,0.0238784354407636,0.33458414872835,9.36220520645203
"636",0.280795102884621,0.05924974530399,0.0424647390068494,0.480704331744857,0.521579302628806
"637",0.157428837015999,0.0349209095639149,0.0337360545199668,0.175168822400925,7.19620789709225
"638",0.238546392608814,0.0342883093847997,0.0346414586211776,0.164914268689685,37.460063495518
"639",0.143753786783944,0.0413554611696366,0.0354407914453557,0.356797744886177,13.7505307277063
"640",0.406835981038406,0.0501503646889625,0.0535449826618848,0.0898226529149579,10.4088531758534
"641",0.14521867969691,0.0407781416816019,0.0368948539299783,0.0514306348308189,36.9501930227967
"642",0.110533387809239,0.0397944724918797,0.0285283398855511,0.794653580099848,15.9276941430473
"643",0.15973979730269,0.0488074033922169,0.0333242513473919,0.730642704133529,26.6973784479799
"644",0.220631517044465,0.0377606274737275,0.0362458327237253,0.270293550304048,7.98586920179859
"645",0.199925884208754,0.0431169149287803,0.039410702735949,0.238135286263301,1.82350798602294
"646",0.195146064026141,0.0450826986475147,0.0297685324429107,0.698393786567124,8.02242831836803
"647",0.150661584793452,0.0381283055392905,0.028096041292569,0.793091969836953,23.9598634111044
"648",0.0864617408902421,0.0315106108310021,0.0224714683288001,1.13822572905793,20.3147251315325
"649",0.170674589502755,0.0434791073009144,0.0290943998534675,1.37179726319099,18.0156456533907
"650",0.190816319987235,0.0375865932176297,0.0315339265740703,0.276171693352149,15.0324109076761
"651",0.0864569346954313,0.0369536073656008,0.0262346451670794,0.471998664709144,12.5266507100872
"652",0.197223475549957,0.0473664817575583,0.0347830801035774,0.316705992055152,6.05319100957503
"653",0.292040480012685,0.0423152329922272,0.0443337667050238,0.227699771612558,2.69810562708734
"654",0.118963498565498,0.0336629066365334,0.0290891731608508,0.475630749734581,4.80144245618254
"655",0.167958187442296,0.0475001645092683,0.0380819957523896,0.583455764060765,36.6980588411149
"656",0.168342578570066,0.041637933006213,0.0305810223789182,0.451266389931034,6.9528412594828
"657",0.111193935437175,0.0430986844360195,0.0301822004798889,1.67684521154793,6.04730052643205
"658",0.167519512307059,0.0417758808916138,0.0336846610796344,0.449154596791163,23.9207520829584
"659",0.110807588414146,0.0353181149462262,0.0241300213789416,1.65202086611783,26.1756318744519
"660",0.18223534358612,0.0435514117685889,0.0367922248658769,0.238855340578767,18.0246497124178
"661",0.174944920301893,0.0296613400004997,0.0257906909652729,0.686457786438561,33.7836447051327
"662",0.387249030181291,0.0419190581337491,0.0380257830208432,0.231717975116051,20.5432585105845
"663",0.206301456063506,0.0320685861188057,0.0335633819238001,0.202405672641706,17.9623069796791
"664",0.295520161104711,0.0551783681988758,0.044021902197479,0.162234614843791,4.26430968528479
"665",0.304551881494328,0.0483545273522428,0.0452602472453364,0.118953827017571,9.86714397636606
"666",0.366284819244947,0.0494185039414665,0.0483906113166819,0.116341855800059,32.8978343039049
"667",0.287453968866852,0.0481690787296232,0.0348451090135066,0.305030113535596,20.4186773661378
"668",0.226423267679745,0.0400374581184676,0.0348438822892639,0.391462609666574,3.07109078017207
"669",0.234338491494102,0.0465156508332895,0.0418449731823108,0.0996010231557674,0.255996649984948
"670",0.135287514886496,0.0365220854589141,0.0247432482085689,0.963237002146239,7.49056377992449
"671",0.239662663750604,0.0343111359599993,0.0300952842619996,0.225456372255323,3.905709596811
"672",0.122691460273993,0.0364261451857302,0.0273191711252437,0.26053081494527,15.7645248204946
"673",0.237339912947871,0.0475141065204768,0.0434356929009276,0.061194694797158,34.3887773904606
"674",0.201213993501594,0.0378266320369979,0.0323277943013908,0.292623206512587,0.418239686181304
"675",0.0785606830663877,0.0297740059170454,0.0246405059241109,2.09973559582575,4.02087762968458
"676",0.179017241902666,0.0412729185854041,0.0377857874026445,0.0442484706333455,14.3719441123324
"677",0.120521318566997,0.0397341736972648,0.0251258539710909,1.33958495667248,50.6265687790261
"678",0.15847573252405,0.0377208991831562,0.0328239421051859,0.157034285827071,3.96172787405876
"679",0.126295473257954,0.035160241475576,0.0259715841791416,0.491122226714048,19.7997762526047
"680",0.0914780271125685,0.0418235896042209,0.0275462321840106,1.26087200670088,5.14744929421778
"681",0.145239517517948,0.0365492468889263,0.0301288900338045,0.36564072986071,13.3782140674328
"682",0.14702888978988,0.0493594144075008,0.0351934922648424,0.234497291473444,9.71345812595567
"683",0.17841160979693,0.0447820169288739,0.0313080097833306,0.846357466723998,15.8629183297322
"684",0.184370128769682,0.035890757232754,0.0295983086397545,0.311448860815897,27.3920674995948
"685",0.133393636130873,0.0426259233324469,0.0327823547567182,0.540935619698291,35.6177083642384
"686",0.215782595827045,0.0459006571684115,0.0375923121445607,0.156883754919674,0.353114230119925
"687",0.203675802941176,0.0404363824143586,0.0345222764548213,0.698564277989949,16.8778272372423
"688",0.186642526911154,0.0404261974350342,0.0323704547681279,0.300229782536006,16.1376293206986
"689",0.133070366420348,0.0420303939581126,0.0278874666744831,0.67169223041449,0.567896662686774
"690",0.130736672647396,0.0349283458506661,0.025730765730159,0.708066799884625,4.8700664494488
"691",0.163892063860219,0.0483702495629439,0.02807884915901,0.384049836807946,0.53972254213197
"692",0.180086109459331,0.0365730833114821,0.0276177649188206,0.51900409096521,4.73733298428978
"693",0.158225722276586,0.0379165869213899,0.0283679496770557,0.399057658129259,10.6351740084545
"694",0.117345926663022,0.0388031352717435,0.0231589383925732,1.34450771623306,30.8921301848937
"695",0.173768895844764,0.0450765220568902,0.0362446360157944,0.31385292539813,20.2723329047625
"696",0.250351513369713,0.0358151109092956,0.0291925564231417,0.161528241160296,27.6812309909496
"697",0.341659233537576,0.0473142217210605,0.043375138299672,0.0579106881623739,12.5510293052476
"698",0.0981554381279044,0.0325823052546631,0.0242990551697545,1.80151112437279,4.88969301041875
"699",0.20568043551773,0.0459062669236366,0.0409949296038417,0.187637212827824,10.9365674471248
"700",0.141379228482559,0.036376552020989,0.0314946523144397,0.809574755005992,29.7682455237768
"701",0.184557983298724,0.0497009013144293,0.0400080867463994,0.514521767282161,10.0180930895721
"702",0.171689791895022,0.0355019612433097,0.0299246893688341,0.353808591436676,4.79044070751125
"703",0.25833804673768,0.0590155465671354,0.0502212497705676,0.161594590923396,3.92855617823091
"704",0.235816782978747,0.0459971587874574,0.0424953271870653,0.129887506449669,25.5489330923647
"705",0.288748770942879,0.05337451218805,0.0390528509640723,0.132845763896379,26.0739598631524
"706",0.211844609099648,0.0447164297358849,0.0334882403580638,0.528648432959718,15.0527820703857
"707",0.20192884485716,0.0353772105913179,0.0388743674017484,0.374390148141269,10.5817807569078
"708",0.114611541570683,0.0398290159306963,0.0259089314082362,1.29233786715661,32.117048778137
"709",0.109450896589464,0.0327269898121729,0.0295221307106637,0.570948075978748,18.3688804286476
"710",0.181091108236788,0.0321943704048645,0.0263326424624114,0.315226474254701,3.69063257891943e-08
"711",0.314444294982526,0.0499328708006297,0.0467359494104191,0.0600804494739217,3.66250370623024
"712",0.100530228536325,0.0392180360610774,0.0305855982650097,1.99867342714852,22.8599643068062
"713",0.162051646752527,0.0323520371237563,0.0292820360291897,0.283109390138024,0.430719241676069
"714",0.162044999852422,0.0420454623011994,0.0322860050600855,0.804932458133344,36.9044006184574
"715",0.262500809675346,0.0497953713229626,0.034133012240852,0.400967435243359,8.76574421940325
"716",0.17414940445823,0.055475128243804,0.0368669114769118,0.185834464412881,26.6125283577773
"717",0.165119025076196,0.0451709410985417,0.0330555162627433,0.133632330904882,32.249204185037
"718",0.10773874070884,0.0344815057916427,0.0234906221475337,2.13502645910711,12.8654964096316
"719",0.344445185083138,0.0463673339551749,0.0416063503057279,0.113100286556212,9.70192571349472
"720",0.158725090160939,0.0491769562704239,0.0346414409122059,0.543751973679671,2.23896221592561
"721",0.11273214573598,0.0377214177814471,0.0328021869577858,0.378768196395575,7.5355266404136
"722",0.212742525007158,0.0422935506027951,0.040437677386555,0.054486010201535,12.7255878102827
"723",0.235308010957097,0.0410961360604863,0.0327934261672746,0.186603127261522,24.2107555554778
"724",0.221168557764621,0.0352677172604726,0.0320834996641226,0.218039358305626,25.7915737721862
"725",0.207156249765531,0.0368665373098426,0.0303766997791258,0.352557582306495,2.10355095317833
"726",0.209367786641825,0.0465015573472487,0.0304945603967615,0.384216477824237,4.22613794785157
"727",0.227937137363036,0.0340648097070927,0.0346297983824677,0.252193612388883,18.1391912718165
"728",0.124704912554636,0.0370127956808108,0.0331246176654246,0.260140894573918,0.445103932647889
"729",0.173847000463021,0.0434788552880929,0.0289106519401496,0.568875329921943,39.9059176434229
"730",0.169893901752453,0.0395423558339677,0.0300760295102822,0.17763791157523,0.595299035369863
"731",0.222015852288063,0.0396139004450373,0.0341815913689517,0.16147760070598,10.7562966967873
"732",0.216658109667073,0.04757039571155,0.0341894524888397,0.742628866102884,13.6883542129909
"733",0.235932814070533,0.0422505288305639,0.0367703556730872,0.0955349462124184,2.38646109021688
"734",0.211696438559547,0.0532918910443913,0.0333439894958838,0.370709705642997,0.488162262036248
"735",0.303174788416777,0.0440231041256932,0.0424518245947524,0.151786174093438,13.5948178481827
"736",0.30356195791437,0.0421365172080412,0.0429139504943295,0.136297106324711,3.94995053929182
"737",0.134900564363762,0.0302028215450637,0.0267564741566924,1.05922009028306,6.06276710145742
"738",0.146689806258184,0.0329078152498585,0.0309554606197534,0.513481415719725,6.91844684863481
"739",0.146309392844221,0.0385957929979939,0.024734174682706,1.39171922727705,10.3171380397893
"740",0.159914749095796,0.0342064971812235,0.0320180460024073,0.21844335271517,49.8350935589169
"741",0.0788365691007637,0.0296618835637511,0.0232990458611813,1.11551725799874,20.914142801829
"742",0.0851825789997092,0.0323312368206922,0.0241261689315987,0.605684267444436,8.40067845722228
"743",0.170895222728216,0.0503449994178353,0.0349319759314195,0.605066465233654,2.41432323372839
"744",0.118337037783404,0.0559884983026075,0.0358632381670562,2.72640614146217,16.2568053679446
"745",0.144898583162075,0.0361947785406427,0.0281753367836369,0.842342535904164,4.74582521437525
"746",0.42573452914903,0.0587565986374628,0.0497403565505031,0.0872289221108657,6.47021521074555
"747",0.21403024913682,0.0441567845908862,0.0428098754658268,0.0550162121211516,13.6630154051057
"748",0.0998751120161583,0.0327210417013799,0.0247920463188879,0.494446709452522,12.1160456062415
"749",0.146082054836438,0.0582243395765839,0.0348886638750659,0.204543089131563,31.9308572944327
"750",0.105378543442602,0.0499345438069144,0.0302163717650231,1.34186418631881,34.4269335500101
"751",0.357787211726036,0.0403140800182258,0.0373219532506216,0.0767514672293699,0.0448086994762527
"752",0.15995072651165,0.0594985574650912,0.0465003880652135,0.64217889373725,9.00644770437895
"753",0.177652767042391,0.0394391644851685,0.0345118061043756,0.232401083828234,4.16236356118135
"754",0.180943406716664,0.0454173756195158,0.0301400240817139,0.794416064836275,22.4794523872316
"755",0.445170505921787,0.0610560852745856,0.0538199729393286,0.0764274737878969,22.0134730149249
"756",0.136460951365402,0.0389528584710804,0.0307898063998593,0.898123318427269,23.1854027754308
"757",0.178169749093942,0.040414442610118,0.0313606783525884,0.279458738091725,10.7035758608891
"758",0.319780777012616,0.0523602397238023,0.042790816072919,0.271292141872208,13.8772287685068
"759",0.13785015344436,0.0366019168209695,0.0326377928388676,0.422253945938312,0.547795476778336
"760",0.31677817360215,0.0467159801264097,0.0422466180645303,0.0848744577034524,49.1024986111742
"761",0.174193522874143,0.0348251463516876,0.0277088786593376,0.872837031366019,14.4580765118079
"762",0.178483087487104,0.0355509444972582,0.0363638293553767,0.125113065410272,2.33397069711675
"763",0.206818917760048,0.0397878029234913,0.0350054345117654,0.168823509871006,12.9613790450382
"764",0.248888674979497,0.0439651445602722,0.0358601043858287,0.225290041371229,0.486929266083479
"765",0.249911795766912,0.0347979005682719,0.0319785439985294,0.481145343696202,17.3209306913502
"766",0.138367758536192,0.0375765714486549,0.0250676289640948,1.83895697756148,20.106029934104
"767",0.239897274133336,0.0476446487454306,0.035850004663733,0.592284244722598,9.08913545653268
"768",0.219421058034929,0.0455649033719637,0.0363322648903446,0.0851238678823132,0.132961382993072
"769",0.332607633183622,0.0751842025800441,0.0500079404297476,0,6.29530476753154
"770",0.134872860872613,0.0398829458279897,0.0361476386118543,0.704768226835537,6.35474757253562
"771",0.217788575577887,0.0486893279984637,0.035677944105841,0.20053642282897,22.7649692884149
"772",0.390118889128515,0.0561673093820922,0.0540498931849257,0.0502002627175334,16.5296430397992
"773",0.157324413607736,0.0311988552182625,0.0338402309642173,0.258536591597524,1.89565544391953
"774",0.219089564671836,0.0308262659259857,0.0330433408769652,0.107304246615161,1.69366394053562
"775",0.217989651812167,0.0479379068362805,0.0403932633249717,0.428346913378979,2.16226136761643
"776",0.324635974036206,0.051981166314799,0.0477302371591536,0.0488555641922321,3.92903648039487
"777",0.167986832772516,0.0472227264766166,0.034198351957871,0.343395707681308,7.88455976986676
"778",0.344984894183451,0.0530194536863715,0.0514552572743982,0.0295384449897902,15.2870930376307
"779",0.178608106711448,0.0394865043955956,0.0311755393798117,0.664330750951114,5.17500099872953
"780",0.143046669222425,0.0383957815558689,0.0310732276851094,0.257417254118064,4.74535466995355
"781",0.274859993938284,0.0424369859143635,0.0356602986764239,0.189377450371804,15.1445391661323
"782",0.190636813627287,0.0403212316411984,0.0360453282255533,0.541811451734163,18.9466317037858
"783",0.198668647264686,0.0364715067778875,0.0342088535643199,0.178788714856871,6.44060271389365
"784",0.198743146063225,0.0383903317122915,0.0339728543081083,0.404611683043274,10.5142548808842
"785",0.111934263051999,0.0404826242700809,0.0273605746764858,0.974795721999522,8.54136774230546
"786",0.173777699365598,0.029063205555765,0.028632138527827,0.133431855439595,7.35620238654404
"787",0.258015346235725,0.0409034542896526,0.0360351484856687,0.313585614616773,34.2592084362783
"788",0.155998916611056,0.0492495670444937,0.0319194339064085,1.80406858326692,20.4765611207395
"789",0.101234420633334,0.0391622334171509,0.0239650037995166,0.996112796654314,0.608681892386578
"790",0.0920669146227911,0.0358125315660785,0.0269197221631327,1.02215591242748,4.0102440714251
"791",0.14666839965521,0.0506330074644188,0.0312316986238723,1.02326246645748,11.868354091853
"792",0.215764383863345,0.0491373859503483,0.0357960886734919,0.724571038481512,25.4677002602446
"793",0.308325185923737,0.0599513029331998,0.0516219300784987,0.0853646301028522,31.5270897829064
"794",0.248686609280825,0.042662022567421,0.0311227699348381,0.397823505604181,27.985666683593
"795",0.229012789726962,0.0489735783029687,0.0420672279182118,0.144959213703157,15.6132899015578
"796",0.127388769845536,0.037208524303541,0.0306160946957707,0.5869977344978,7.22573568432395
"797",0.156233982068547,0.0352903609321498,0.0268809888073558,0.682538358287892,48.1037015014663
"798",0.160237047870186,0.0356721464362577,0.0303749986560739,0.722535594684203,23.2987247755869
"799",0.266893304500289,0.0459332333972807,0.0422948654543019,0.0932106133821588,6.1842263440803
"800",0.174953520633005,0.0374277534567272,0.0360787391347512,0.115158014252254,9.47878781331967
"801",0.0910735405814319,0.0341888204228186,0.0219747272186658,0.94951847806711,4.12034831158639
"802",0.243217473282532,0.0467011935492675,0.0419943350882415,0.0851178564935495,4.45651377579375
"803",0.273733722359289,0.0400430108210242,0.0322232818840356,0.131879339443033,37.3159182920648
"804",0.163067495705897,0.048135217345397,0.0408745776883557,0.763640996102973,29.6987211818813
"805",0.206324049493968,0.0435924042997357,0.0397969089941344,0.0473510514839301,1.5774662267563
"806",0.141749950319054,0.0415203226653017,0.0350625064574723,0.921268897296192,4.57279279497132
"807",0.23465468138719,0.044963179637879,0.0371409482698339,0.116564353500991,4.49748393014906
"808",0.187942305749905,0.0424705443696421,0.0358738561931711,0.263520667715082,15.3187575630207
"809",0.169151799961879,0.0447322401536471,0.0328753416165045,0.696416633746026,1.36431770496836e-06
"810",0.161095782004389,0.0450968805086629,0.0308221740938442,0.296154876043451,10.141699999932
"811",0.206673804716392,0.0514970775379046,0.0341227605939341,0.299194720170385,2.21182391034964e-07
"812",0.145885790023521,0.0385612121551894,0.0275661251826119,0.461331561238622,2.93052577748661
"813",0.187084745683767,0.0432251544755288,0.0301697399020706,0.723559480687549,5.10299978038335
"814",0.246465833308448,0.0442051943823326,0.0381528442806619,0.232500135729848,4.53860445225076
"815",0.306906216545948,0.0505479086826924,0.0411715926929557,0.0339841493263907,6.89494007331668
"816",0.182114039951653,0.0405052120749515,0.0330254222157607,0.293539614322781,14.0582638770028
"817",0.254329336321424,0.0446224480291603,0.0361972155148514,0.198347948572607,18.5351695665364
"818",0.193380550009815,0.0427934576722476,0.0384171258664473,0.101643621621858,6.30617252429244
"819",0.24681354375632,0.0356704270906383,0.0329435352781893,0.094835101579746,7.66283404867779
"820",0.130359945108984,0.0388023864579562,0.0324645865409698,0.370245789385671,11.9063877958508
"821",0.258813432135044,0.0464171730223248,0.0391318926542409,0.526251236176788,25.5573462732751
"822",0.22179078953973,0.0405783087367024,0.0330897980056138,0.159612089505097,2.32535043765411
"823",0.153123071497138,0.0444533142615962,0.035751565935165,0.315600860061276,3.32153264712157
"824",0.0655076904550027,0.0318456283907617,0.0252146411127934,1.20066654953577,16.6215642179349
"825",0.192570436157995,0.0339628970186313,0.0340559076750713,0.116941919755451,12.9296512464775
"826",0.150969008934895,0.0386721066030715,0.0319772282475157,0.208830641362295,0.628123566760155
"827",0.293984745265041,0.0383061217954552,0.0433945448904483,0.0961178099775954,16.2930661887513
"828",0.159717779306448,0.0321212828168057,0.0272517169381097,0.401565220688402,37.5609688008847
"829",0.0830862075659595,0.0318750873258979,0.0218874272114654,2.56333013859955,29.2193036693318
"830",0.172639619307086,0.0413995247435629,0.0321042966766369,0.155374646147172,26.9009193480657
"831",0.164415276246886,0.0373620023994995,0.0350586295535717,0.226502839548414,0.407284054901378
"832",0.161130358526701,0.042386033791967,0.035516499211312,0.176376894723553,10.0248328814522
"833",0.183944076698655,0.0408744628532043,0.0313986654334008,0.42839560409504,24.0868838568791
"834",0.117551304432512,0.0300703916829841,0.028847960662244,0.263875808223188,10.0439920488996
"835",0.201867331791023,0.0426605402126207,0.0383678922711964,0.192172337547995,10.4992743939678
"836",0.164135088622655,0.0324606790882375,0.0293923714574736,0.567235942746399,6.61269856381498
"837",0.205855503915663,0.0458154726772372,0.0360980909077074,0.216859043251096,18.5557500337735
"838",0.138120440828027,0.0360502605382091,0.0262207416805691,0.78961191932201,18.0918769562185
"839",0.128697110853509,0.0334953509298516,0.0292982936508548,0.724940220824555,24.6042519671414
"840",0.215826125349679,0.0432124493289405,0.0353070938060178,0.271427861374806,27.5454487923315
"841",0.256870518005038,0.0491285562920764,0.0405331166098646,0.295985350746063,6.94003378410976
"842",0.360112062155681,0.0524848312648409,0.0434968668266559,0.0645492570276252,12.6771261892429
"843",0.187107312181897,0.0475282369427243,0.0358923963271427,0.32350281306445,2.93887346532213
"844",0.194017040562348,0.0436635389336976,0.0398978715132477,0.238167847157315,21.6185558896646
"845",0.15360296560384,0.0486847441526249,0.0309534404745796,0.315937455770994,4.7416364780007
"846",0.150544399911642,0.0322523260488759,0.0217737481028112,1.36807691171174,3.4454816955517
"847",0.145622691909879,0.037203576230266,0.0320293741176173,0.431558996721919,26.9000352263282
"848",0.269230480800982,0.0391841693773149,0.0329070410238267,0.136965521721845,4.56698811061954
"849",0.260830210203616,0.039812691214271,0.0426241670730496,0.0444236912237579,10.0022183447613
"850",0.224598077386413,0.0403949855276081,0.0334659088612882,0.470344908154368,21.7911040327687
"851",0.246025602155089,0.0476752009586269,0.0388697457473277,0.235901527380647,7.44277162673767
"852",0.123087714321461,0.0346110289150607,0.0261784865575806,0.474922019517888,102.750896783149
"853",0.160943100464349,0.0473007271049487,0.0324452405644521,0.963346896935702,4.36726613726353
"854",0.239505436202089,0.0413078017648745,0.0366255657818952,0.0806956185135362,6.97469666811503
"855",0.314288863030065,0.0455468997700173,0.0437370776751262,0.0761875913351935,32.0113553286459
"856",0.167392859044066,0.0378727070071713,0.0314821615685856,0.576878780175542,4.53030341139546
"857",0.118036456911345,0.050472346497009,0.0346923793095848,0.85024450667668,18.8983825508336
"858",0.157010054314415,0.0484830241864877,0.0370482286213113,0.545571917957467,12.5204210052366
"859",0.202140397102756,0.0460388807990536,0.0336830554434167,0.721717232575744,9.28346969893235
"860",0.214863400332135,0.048987377618296,0.035868797482109,0.387602528016914,4.28143103935057
"861",0.260681731480129,0.0482373350002837,0.0379693055021341,0.224644747153266,5.19827210280235
"862",0.204189957188319,0.040824231408134,0.0323392576147818,0.138523896639023,30.5643473365242
"863",0.145918166974713,0.0401781993530398,0.0297054103461195,1.74874450183295,39.0542512638791
"864",0.273301966857474,0.0459165522428255,0.0407501123114251,0.190811886149482,39.0990290476203
"865",0.158856626894063,0.040589505141926,0.0297604303132601,0.613015527062486,15.3007657640701
"866",0.223536784376886,0.0449540033982492,0.0386567896555902,0.203498559092286,40.4524227282076
"867",0.135697495777062,0.035155667604523,0.0298629756800175,0.381340577529613,19.0528348193932
"868",0.448449706875959,0.0478963601565192,0.0436877302132737,0.0574089080671925,3.79716542798398
"869",0.152603600259299,0.0478068785610355,0.0352754985759281,0.681968088888233,11.363480709305
"870",0.232526357119069,0.0437201485701282,0.0398956662442112,0.107784644935574,11.6790758029492
"871",0.167583605987451,0.0402470875758847,0.0303513814016898,0.523348605044857,8.35974208046508
"872",0.180386563887656,0.0339834519325147,0.0273002941965948,0.983594587561193,11.8269161967552
"873",0.129716041232666,0.0488367759015318,0.0300661567557383,0.44689337329477,13.5793753288508
"874",0.169146293111563,0.0400121111434065,0.0341309491922877,0.189391153307245,10.443689017037
"875",0.458615082066491,0.0467911349307896,0.043190737842925,0.0425351728132036,8.50297973345263
"876",0.185973227634327,0.035967961790804,0.0367928800861986,0.258102270930631,10.9905425711714
"877",0.163423780175277,0.0432963670712165,0.0338147975420219,0.333233614276814,26.8223933961021
"878",0.193804376621879,0.0043270443158984,0.0242658892054041,0.121326272938169,1.6470937899021
"879",0.210857791101383,0.0342145365150899,0.0288900508106548,0.291728632856396,45.8053831443339
"880",0.291967762119562,0.0467632234782989,0.0440816976660307,0.035075502983906,12.3549367327125
"881",0.16021838054177,0.0411985295326055,0.0327840761232256,0.611635120495687,19.015649923351
"882",0.198386473523867,0.0396951626309981,0.0359860092672817,0.522093391827866,4.22637378333595
"883",0.131793322361698,0.0360190936572914,0.0294823972016297,0.704571429288668,18.9565733079246
"884",0.282586154527571,0.043549597079222,0.0433364703431117,0.0734706666808885,19.9962446575503
"885",0.147347048558625,0.0343129075943221,0.0270523083309609,0.352365726987113,10.0653548713023
"886",0.243767674596065,0.0467922190438275,0.0470577608874467,0.0406427180774884,9.96148149672281
"887",0.288349671345044,0.0464253819989239,0.0365141978875925,0.109055085576508,12.4177874400846
"888",0.166361497686303,0.0340215948239124,0.0329657628909305,0.126888882035372,10.3519156258345
"889",0.178181610586496,0.0375672327783017,0.0338424787335507,0.165806829414117,4.93269894221839
"890",0.167135830167857,0.0330551937639252,0.0266800059589272,0.319774914678383,6.68686403460008
"891",0.202396368064143,0.0457382590676346,0.0366018062596888,0.655673253150853,8.84703170988629
"892",0.104584035165601,0.0383714812177182,0.0279691189101519,1.28029588109287,8.11450053994469
"893",0.334838686852776,0.0642974078382947,0.0575982410111204,0.0690308489076748,15.5852840824141
"894",0.278546882117991,0.0464039901524305,0.0443650339373895,0.157962517246568,3.70560351410263
"895",0.123379066253069,0.0379313311642894,0.0370835451890412,0.29236927055977,7.85823775071304
"896",0.174696428371414,0.0389044557910767,0.0337454998771101,0.313583033682324,14.4864879573911
"897",0.110824515568385,0.0406282390113121,0.0258319651119728,0.987920855507814,18.8085328414452
"898",0.1787152297513,0.049576286425755,0.0372559030364646,0.75571920305928,11.8079270107888
"899",0.161640937178293,0.0389016442958783,0.0296499343705237,0.516554470610703,1.31400593692903e-07
"900",0.242141241650565,0.0494480654993074,0.045433191556658,0.461357416796905,10.601607113327
"901",0.121890175586047,0.0304184728424776,0.0302012209554673,0.512340196126425,14.7621758180598
"902",0.3996252015064,0.0535471959714764,0.0421408619413973,0.125542872413239,35.8237082186745
"903",0.214837576564837,0.0359702153669752,0.0284454017385069,0.357433289271481,4.78585799996428
"904",0.111491530149032,0.0356424006888732,0.0357247454407598,0.205483451604179,7.03974052092696
"905",0.276991713738869,0.0477010727871002,0.0372045099273924,0.216854239215632,24.9643093581366
"906",0.148589647808655,0.036763256094167,0.0335239407755472,0.436573156041454,11.7469926593112
"907",0.130458011049618,0.0423316647311865,0.0352090683892269,0.21905018565912,4.96685513747266
"908",0.242524218438516,0.041861054085854,0.0398281628079817,0.151737228117476,25.3373845474369
"909",0.151425270444794,0.0420563901487039,0.0340145610663007,0.399852250189465,17.020401665919
"910",0.155922495175734,0.0429273351691232,0.0368673841145854,0.278529683270439,5.0916286386801e-07
"911",0.186796745536425,0.03528261458025,0.029250740044789,0.445006411926808,26.1161070767319
"912",0.229576870743159,0.0500476625526369,0.0429810146632866,0.103984333105526,12.5456543890688
"913",0.254098932890639,0.0386775020491627,0.0360034988986486,0.0817243411626755,20.5617717224498
"914",0.350729990909275,0.0517990204974935,0.0494330394893634,0.162483117742377,0.253443245903912
"915",0.111233438599034,0.0303487657135157,0.0232640214265684,0.968680340208657,2.35898304222312
"916",0.128571766617044,0.0359499506007677,0.0274011557431763,0.654284421818616,7.35798951030503
"917",0.168935224657757,0.0383560673324348,0.0301527372510958,0.634851785176885,7.38182006283542
"918",0.143732496003458,0.0353914619418139,0.0306576213504927,0.789248713979626,38.7490514525189
"919",0.116954395206749,0.0590520835912775,0.0420911927164095,1.51814024814117,24.2601188333321
"920",0.269881151151919,0.0443644062328071,0.0385480433858379,0.458112502866201,59.726338484113
"921",0.195157781852349,0.041016357663815,0.0281178700704759,0.305294708548791,19.4681547427884
"922",0.119931883516561,0.0419962927622878,0.0277699778135208,0.620908169129732,6.20427066055224
"923",0.130284142587166,0.0386048155206843,0.0316408526846906,0.295471077866284,0.455493049569513
"924",0.10381212124322,0.0309520387475405,0.0257499785498547,0.822706539863889,15.3859673066826
"925",0.0759593771841272,0.045819503083304,0.02928228548262,7.7002909100936,5.2802177286727
"926",0.173525588287276,0.037542272040251,0.0343059578517769,0.296915943005099,13.9072292804113
"927",0.115241827024867,0.0404520108667071,0.0348269463146263,0.209284782761986,7.27379909203048
"928",0.22260126016638,0.0573469592136777,0.0348833681117655,0.438038656938352,3.42494267588271e-08
"929",0.186943213969649,0.041827414698619,0.0357963341232491,0.428548698488184,8.15352133034558
"930",0.268503785133075,0.0425321546927153,0.0424600822586583,0.113722677515207,20.3005902648863
"931",0.216599710620277,0.0448127256990732,0.0381227868594192,0.290905033954455,8.6015160032251
"932",0.275496504266567,0.0412695194852949,0.0389383642495465,0.110687916208915,3.50316427588467
"933",0.175866220657384,0.0416245855974714,0.0302532166757215,0.765461436660889,0.55971309045382
"934",0.102388656466956,0.0319493161634329,0.0286371751364475,0.717165920348992,43.4793468751706
"935",0.311040904366988,0.040373716709687,0.0407742156264853,0.0218807840083136,13.3611098759867
"936",0.303560579315122,0.050872617273801,0.043846389859081,0.085616515974143,6.4964524748446
"937",0.147940995713521,0.0382517098089555,0.0290078554651908,0.721622033526842,18.683219863511
"938",0.269549166762011,0.0477666475452202,0.0472470488220643,2.58826806583143e-15,9.01747316786872
"939",0.124567092610164,0.0450087167172969,0.0239641752377396,1.53206413023203,11.1159921346816
"940",0.267184147914903,0.0517924662728258,0.0454229407879258,0.210244812529185,20.1015783375508
"941",0.286056706211279,0.0425166036123351,0.0351318424206845,0.326714035934219,22.3168663962763
"942",0.145765588675454,0.0546978496265786,0.036368892122676,1.26213575341935,14.6870711909835
"943",0.209735321127348,0.0377629888887601,0.0341413620034171,0.40899192536906,13.7117324852613
"944",0.236343924587062,0.0409297530720112,0.0380190047332427,0.124553457157173,1.54280035877949
"945",0.148064745720304,0.0547044621886202,0.0373527811698128,0.423865812971058,21.9546036209153
"946",0.237670322436176,0.0493538065121735,0.0411012256602428,0.291433394573443,12.8467501589464
"947",0.150204943781161,0.0439231358540063,0.0301936041344951,0.530096375534156,7.92377508183334
"948",0.194372123660138,0.0420192993890471,0.0332490671815926,0.195884606501927,22.0354028141255
"949",0.17596191477206,0.0326843538911106,0.0306770917413542,0.123042521081462,10.3418631758842
"950",0.394100625154512,0.0472563927542747,0.0456348592247541,0.0612404031663538,0.975624604967841
"951",0.193306840457571,0.0451857645333603,0.0333249080279197,0.55042785345063,12.0833763013625
"952",0.13312388137674,0.0340075767114637,0.0269054436846,0.588011581932499,1.67371919024756e-06
"953",0.087382465443438,0.0367654484469949,0.0217815927997344,4.69647663170669,11.1223851693308
"954",0.259426371346559,0.0405244290508305,0.0359502268707775,0.236693533645377,25.1775530311961
"955",0.101900155160703,0.0275214785322833,0.0242156327134546,0.338584444821715,2.107389251703
"956",0.305577836805452,0.0573461213032032,0.0441633771202764,0.214002496955396,9.3997500162228
"957",0.251341096208956,0.0546922354535397,0.0413803748002014,0.38796684476034,24.7052448561933
"958",0.27095900969335,0.0416911737278819,0.0360801546155163,0.537811606462144,16.6788903746015
"959",0.383088364293621,0.0515673659651261,0.0399840033860491,0.0764658018090963,6.08924030144668
"960",0.21089772123955,0.047049154647016,0.0319256970843109,0.433507568403743,14.667885782973
"961",0.12828830970077,0.0380600550971203,0.0280645353622822,1.30333455298954,5.8593126662145
"962",0.192554562693529,0.0455641029654304,0.0323040327093574,0.478740940594903,0.545343470241983
"963",0.143339225698603,0.03745270451345,0.0322663132190767,0.312937939703279,12.8431622680314
"964",0.0975963391744393,0.0446668033800691,0.0285364378910545,3.11397161582218,2.51364103944447
"965",0.345562801319413,0.0459524459140054,0.0431882534021199,0.0773457445331538,7.9305758324471
"966",0.26273467102496,0.0419393064987162,0.0385903389688226,0.0838904170608816,4.18420636878298
"967",0.10903413836716,0.0357390630986026,0.0323615152221416,0.725651769146489,8.70108293850773
"968",0.194503788172564,0.0432082473209697,0.0355855352425528,0.212966785492786,12.5854196177924
"969",0.118384010637772,0.0422164294465463,0.031059884544498,0.377460470196834,9.13062269065136
"970",0.250726064243236,0.047255006750744,0.0442122634308872,0.129395296135562,14.6025034156477
"971",0.134539822026346,0.0418421424701763,0.0311497079687307,0.252351862075197,0.804778277011604
"972",0.148299118694299,0.0379143031344349,0.0298487140653979,0.385409029154913,59.5027663175102
"973",0.101355041523753,0.0299306527674116,0.0238637903777596,2.40604205312703,2.52505563236926
"974",0.0990874713478341,0.0361042828250765,0.0253427481939696,2.08588690102412,16.3787406931345
"975",0.188404903494083,0.0415212415363836,0.03745549805779,0.222252851462423,6.91801199810125
"976",0.150979886557175,0.0453884678331515,0.0372969678429196,0.234335992723267,3.14551349973335
"977",0.256200609117691,0.0505064102901199,0.0369844048956713,0.238653198726798,6.46358031857406
"978",0.151323133283015,0.0320557419483623,0.0252776984947093,0.779013115264646,8.34036531983963
"979",0.151608651477737,0.0496151803180329,0.0337668511247165,1.20328715383512,29.0742343049543
"980",0.156311713713133,0.0361191430015182,0.0342701865891599,0.265720654101521,23.5737712414093
"981",0.244134002544447,0.0608996091327449,0.0478408001320419,0.104370348631257,3.84699458818336
"982",0.346437693319357,0.0448380795650676,0.0429556777170195,0.0903739342379379,23.5154874575939
"983",0.0528459309167711,0.034306663795751,0.0190316672327066,5.62981359438073,40.580988683721
"984",0.20665749265869,0.0517939440597034,0.037969367856116,0.277695167260377,4.21458065505609
"985",0.310423774691085,0.055532753020249,0.051098446053237,0.0248427668995351,47.4402796645165
"986",0.107256180825925,0.0327433496236612,0.0261549482976754,0.802171128580541,10.3192281691595
"987",0.299154231598008,0.0577616033576574,0.0445290633292167,0.339069382264011,11.0305612541228
"988",0.171722733979817,0.0442793925788715,0.0400092363935123,0.723380825924088,10.7779691876477
"989",0.140016473954199,0.0362907444317108,0.028119325099339,0.757061211151657,6.60973941339843
"990",0.250256700840467,0.0453705848839726,0.0395893645675864,0.0957007468696722,21.1781259284936
"991",0.124266851216744,0.033500614735482,0.0326789284608601,0.374073645179091,24.7885910852423
"992",0.27331118563801,0.0431984542644754,0.0368380282104702,0.254525910054434,12.7398679563828
"993",0.281489998305087,0.0432706206301015,0.0330700885033991,0.333921634639118,18.586996167065
"994",0.197082895939034,0.0346235908336872,0.0301397579213172,0.386403530505807,16.4090850895425
"995",0.192426250936836,0.0372310670530348,0.0332255462775738,0.295083520157125,21.6295983082809
"996",0.128404332699344,0.0397054927770707,0.0293050877042249,0.326784509088833,7.65355671265907
"997",0.121245714109797,0.0417047712615315,0.0349145056556792,0.676376793656065,0.684490056591626
"998",0.167220297721152,0.043741061710885,0.032967478949689,0.540214385566806,6.95666523250595
"999",0.170409792796725,0.0502216149546736,0.0325005113569274,0.172145586619618,21.5910886283246
"1000",0.20566645442814,0.000755112911105026,0.02569926855329,0.0888678106480694,8.9378447932058
